671053.0
670983.0
671061.0
671061.0
670983.0
670945.0
670983.0
670983.0
670983.0
670983.0
670053.0
670053.0
671061.0
671061.0
671061.0
670053.0
670945.0
670053.0
669455.0
670053.0
670053.0
670053.0
670053.0
670053.0
670548.0
670053.0
670053.0
670983.0
670548.0
670548.0
670983.0
670945.0
670983.0
670983.0
670983.0
670983.0
670983.0
669455.0
669455.0
670053.0
670053.0
669455.0
670053.0
670053.0
670053.0
670053.0
670053.0
670053.0
670053.0
670053.0
986794.0
986794.0
986794.0
986794.0
986794.0
986794.0
986794.0
986794.0
986794.0
987010.0
987010.0
987010.0
986817.0
985761.0
986137.0
986137.0
985761.0
986817.0
985761.0
985761.0
985761.0
986594.0
986594.0
986594.0
986594.0
986594.0
986594.0
986137.0
986137.0
986594.0
986848.0
986594.0
986594.0
985761.0
986594.0
986594.0
986137.0
986594.0
986817.0
987010.0
987010.0
987010.0
987010.0
987010.0
987010.0
986137.0
986137.0
986137.0
987010.0
986137.0
1291386.0
1291386.0
1290226.0
1291386.0
1291386.0
1291386.0
1289148.0
1291386.0
1290806.0
1291386.0
1290806.0
1291386.0
1291386.0
1290806.0
1291386.0
1291386.0
1288927.0
1288927.0
1290226.0
1291386.0
1291386.0
1290806.0
1290806.0
1291386.0
1291386.0
1290453.0
1289148.0
1290453.0
1289718.0
1289718.0
1289718.0
1289718.0
1289718.0
1289718.0
1289718.0
1289718.0
1289718.0
1289718.0
1289718.0
1289718.0
1289718.0
1289718.0
1290226.0
1289718.0
1289718.0
1289718.0
1289718.0
1288927.0
1288927.0
1291386.0
1582260.0
1581885.0
1581885.0
1581885.0
1581885.0
1581885.0
1581885.0
1581885.0
1581885.0
1581885.0
1581885.0
1581885.0
1581885.0
1581885.0
1581885.0
1581885.0
1581885.0
1581885.0
1581885.0
1581885.0
1582677.0
1582677.0
1581410.0
1581885.0
1581885.0
1581885.0
1581885.0
1581885.0
1581885.0
1581885.0
1581885.0
1581885.0
1581885.0
1581885.0
1581885.0
1581885.0
1581885.0
1581885.0
1581885.0
1581885.0
1581885.0
1581885.0
1581885.0
1581885.0
1581885.0
1581885.0
1581885.0
1581832.0
1581410.0
1581885.0
1861696.0
1861696.0
1861696.0
1863486.0
1863486.0
1863486.0
1862233.0
1863486.0
1863486.0
1861696.0
1863486.0
1863486.0
1863486.0
1861618.0
1863486.0
1863486.0
1863486.0
1861696.0
1861696.0
1861696.0
1861696.0
1861618.0
1861618.0
1863486.0
1861618.0
1863486.0
1861618.0
1861618.0
1861696.0
1861618.0
1863486.0
1861696.0
1861696.0
1863486.0
1861618.0
1863486.0
1863486.0
1863486.0
1861696.0
1863486.0
1863486.0
1861618.0
1863486.0
1863486.0
1863486.0
1863486.0
1863486.0
1863486.0
1863486.0
1861618.0
2131985.0
2131985.0
2131985.0
2131985.0
2131985.0
2131985.0
2131985.0
2131985.0
2132842.0
2132842.0
2131985.0
2132842.0
2131985.0
2132842.0
2131985.0
2132842.0
2131998.0
2131594.0
2132066.0
2132066.0
2131985.0
2131998.0
2131985.0
2131985.0
2131985.0
2131985.0
2131985.0
2132066.0
2131985.0
2131985.0
2132066.0
2131985.0
2131998.0
2131985.0
2132842.0
2132066.0
2131985.0
2131985.0
2132066.0
2131985.0
2132870.0
2131985.0
2131985.0
2131985.0
2131985.0
2131998.0
2131985.0
2132066.0
2131985.0
2131985.0
2390241.0
2390241.0
2391479.0
2390241.0
2391479.0
2390241.0
2391931.0
2390241.0
2390241.0
2390241.0
2390241.0
2391931.0
2390241.0
2389866.0
2391931.0
2391894.0
2390919.0
2390919.0
2389866.0
2391931.0
2391931.0
2391931.0
2391192.0
2391716.0
2390919.0
2390919.0
2390919.0
2390919.0
2390919.0
2390919.0
2391352.0
2391892.0
2390241.0
2390919.0
2390241.0
2390241.0
2390241.0
2390241.0
2390241.0
2391894.0
2391352.0
2391352.0
2390241.0
2390241.0
2391192.0
2390241.0
2390241.0
2391192.0
2391352.0
2389866.0
2642467.0
2639303.0
2640003.0
2641708.0
2640003.0
2640003.0
2641708.0
2640003.0
2640003.0
2639420.0
2640003.0
2642467.0
2640003.0
2641708.0
2640008.0
2640895.0
2640895.0
2640008.0
2640008.0
2641708.0
2640895.0
2641708.0
2641708.0
2641708.0
2642249.0
2641708.0
2641708.0
2640895.0
2639353.0
2640895.0
2640895.0
2639353.0
2642467.0
2639303.0
2640895.0
2639303.0
2639303.0
2642249.0
2640008.0
2642467.0
2642249.0
2639303.0
2640008.0
2642249.0
2639353.0
2640008.0
2639420.0
2642249.0
2640895.0
2639303.0
2880819.0
2879787.0
2882210.0
2880858.0
2880858.0
2882210.0
2882210.0
2880819.0
2882210.0
2880273.0
2880273.0
2880273.0
2880273.0
2882210.0
2880273.0
2882210.0
2883653.0
2881092.0
2879787.0
2881092.0
2880819.0
2882210.0
2882210.0
2880273.0
2880932.0
2880273.0
2880273.0
2883653.0
2880932.0
2883704.0
2882210.0
2880858.0
2883653.0
2883704.0
2880932.0
2882210.0
2880858.0
2880858.0
2880858.0
2880932.0
2882210.0
2879787.0
2880819.0
2882210.0
2880932.0
2880858.0
2880858.0
2879787.0
2880858.0
2880819.0
3112271.0
3111506.0
3113081.0
3113277.0
3111158.0
3110998.0
3111506.0
3113262.0
3113277.0
3111158.0
3113081.0
3111960.0
3111506.0
3111506.0
3113277.0
3113277.0
3113262.0
3110998.0
3112271.0
3110654.0
3111506.0
3111158.0
3111158.0
3111158.0
3113081.0
3110998.0
3113081.0
3110998.0
3113277.0
3113262.0
3110998.0
3111158.0
3111158.0
3114081.0
3110654.0
3111506.0
3113262.0
3110998.0
3113081.0
3113277.0
3110998.0
3110998.0
3110998.0
3112271.0
3113081.0
3110654.0
3111506.0
3111158.0
3114081.0
3110654.0
3335392.0
3335954.0
3335392.0
3335954.0
3335392.0
3336865.0
3335392.0
3335392.0
3336865.0
3335296.0
3336670.0
3333903.0
3337432.0
3335296.0
3336670.0
3335296.0
3333903.0
3335296.0
3333903.0
3335392.0
3335296.0
3333903.0
3335392.0
3335569.0
3334980.0
3335392.0
3335569.0
3333903.0
3337432.0
3336670.0
3336670.0
3335569.0
3336865.0
3335296.0
3335296.0
3334980.0
3335392.0
3334980.0
3336865.0
3337432.0
3335296.0
3334980.0
3335296.0
3337432.0
3333903.0
3334980.0
3335296.0
3334046.0
3335296.0
3335296.0
3548446.0
3551054.0
3551054.0
3548446.0
3550042.0
3551045.0
3551054.0
3551045.0
3551045.0
3548446.0
3551221.0
3548446.0
3548446.0
3551221.0
3550480.0
3549612.0
3551221.0
3551221.0
3551209.0
3551221.0
3551045.0
3551045.0
3551221.0
3551054.0
3550480.0
3549612.0
3550042.0
3550480.0
3551221.0
3551209.0
3551209.0
3550480.0
3550480.0
3551209.0
3551054.0
3551221.0
3550480.0
3550480.0
3551221.0
3551221.0
3551221.0
3551054.0
3551221.0
3551221.0
3551054.0
3551221.0
3550042.0
3550480.0
3550042.0
3551221.0
3758033.0
3755600.0
3758570.0
3755600.0
3757607.0
3758570.0
3758570.0
3758033.0
3756796.0
3756181.0
3758033.0
3758033.0
3756181.0
3758033.0
3758033.0
3758570.0
3758033.0
3758033.0
3755600.0
3758570.0
3755600.0
3758966.0
3758193.0
3756181.0
3758193.0
3758193.0
3758193.0
3758570.0
3757330.0
3755600.0
3756796.0
3756796.0
3755600.0
3757607.0
3756796.0
3758570.0
3755600.0
3758193.0
3758570.0
3756553.0
3758193.0
3756553.0
3758033.0
3758033.0
3758570.0
3758570.0
3756553.0
3757607.0
3755600.0
3755600.0
3956889.0
3956899.0
3957892.0
3955324.0
3956553.0
3956889.0
3956889.0
3956899.0
3956889.0
3956889.0
3957116.0
3957116.0
3956889.0
3956672.0
3957892.0
3956899.0
3956672.0
3956899.0
3956553.0
3956553.0
3956889.0
3956764.0
3957892.0
3955324.0
3955324.0
3956553.0
3956553.0
3957116.0
3957116.0
3956012.0
3956899.0
3956899.0
3955324.0
3956012.0
3956553.0
3956889.0
3957363.0
3957892.0
3955324.0
3956012.0
3955324.0
3956764.0
3956553.0
3956553.0
3957892.0
3956553.0
3956553.0
3956553.0
3955324.0
3956672.0
4149994.0
4148357.0
4149448.0
4149379.0
4149448.0
4149448.0
4148063.0
4149379.0
4148357.0
4149379.0
4149379.0
4149379.0
4149448.0
4149448.0
4149448.0
4148357.0
4149448.0
4148357.0
4148504.0
4148357.0
4148504.0
4149448.0
4148357.0
4148273.0
4149784.0
4149784.0
4148357.0
4148357.0
4149994.0
4149448.0
4148504.0
4148504.0
4149448.0
4149448.0
4149448.0
4149379.0
4149448.0
4149994.0
4149379.0
4148504.0
4149379.0
4148273.0
4148357.0
4148273.0
4149379.0
4148273.0
4148063.0
4149784.0
4149448.0
4148504.0
4332238.0
4333915.0
4333539.0
4333539.0
4331751.0
4333576.0
4331751.0
4334371.0
4333915.0
4333539.0
4333539.0
4331274.0
4333539.0
4335808.0
4332238.0
4333576.0
4331751.0
4332238.0
4333001.0
4333915.0
4333915.0
4333915.0
4333929.0
4333915.0
4333915.0
4333915.0
4334371.0
4331274.0
4334371.0
4334371.0
4331274.0
4333915.0
4333539.0
4333001.0
4333001.0
4334371.0
4335808.0
4333539.0
4334371.0
4333539.0
4331274.0
4331274.0
4331274.0
4333539.0
4331274.0
4331274.0
4333915.0
4333576.0
4331274.0
4333576.0
4512686.0
4512951.0
4513718.0
4511492.0
4512686.0
4512588.0
4513718.0
4513553.0
4513427.0
4513427.0
4514257.0
4514726.0
4513553.0
4512588.0
4511492.0
4512588.0
4513718.0
4511492.0
4513718.0
4514726.0
4513718.0
4513553.0
4513553.0
4513427.0
4513427.0
4512588.0
4512588.0
4513718.0
4513427.0
4513718.0
4514257.0
4512588.0
4514257.0
4514257.0
4513718.0
4512588.0
4514257.0
4512588.0
4513427.0
4512588.0
4512588.0
4514257.0
4512951.0
4512588.0
4513427.0
4512686.0
4514257.0
4513718.0
4513553.0
4513718.0
4684752.0
4685589.0
4685277.0
4686709.0
4685634.0
4685589.0
4686709.0
4686809.0
4685589.0
4686809.0
4685757.0
4686809.0
4685277.0
4687632.0
4687632.0
4686121.0
4685589.0
4686709.0
4685589.0
4685757.0
4685757.0
4685646.0
4685646.0
4685757.0
4685589.0
4685277.0
4685277.0
4685589.0
4684752.0
4685634.0
4685646.0
4685277.0
4685277.0
4685757.0
4685757.0
4685646.0
4685589.0
4685277.0
4685277.0
4685757.0
4685757.0
4686121.0
4685757.0
4685277.0
4685277.0
4685277.0
4685277.0
4686809.0
4686809.0
4685757.0
4855725.0
4852982.0
4852338.0
4851592.0
4853740.0
4852338.0
4852338.0
4852338.0
4853740.0
4849223.0
4851935.0
4853740.0
4852338.0
4852982.0
4855725.0
4855725.0
4852982.0
4853209.0
4851688.0
4849223.0
4851935.0
4851688.0
4851592.0
4850904.0
4851688.0
4851688.0
4852982.0
4851935.0
4853209.0
4850904.0
4849223.0
4853740.0
4853740.0
4852338.0
4850904.0
4852338.0
4851592.0
4852338.0
4851935.0
4853740.0
4853209.0
4851935.0
4851592.0
4851688.0
4850904.0
4851688.0
4850904.0
4852338.0
4855725.0
4850904.0
5013720.0
5010830.0
5014681.0
5013168.0
5013168.0
5010586.0
5015945.0
5015945.0
5013168.0
5015945.0
5010586.0
5015945.0
5011033.0
5013720.0
5011033.0
5015945.0
5011033.0
5011033.0
5013168.0
5012749.0
5015945.0
5013720.0
5010586.0
5015945.0
5011033.0
5011033.0
5010830.0
5010830.0
5013655.0
5010586.0
5014681.0
5014681.0
5010830.0
5013655.0
5015945.0
5010830.0
5012749.0
5010586.0
5013168.0
5010586.0
5012749.0
5010586.0
5015945.0
5014681.0
5010830.0
5013839.0
5010586.0
5015945.0
5015945.0
5011033.0
