0.148
0.143
0.135
0.145
0.135
0.138
0.13
0.127
0.139
0.13
0.148
0.148
0.141
0.158
0.155
0.152
0.138
0.147
0.131
0.154
0.143
0.147
0.155
0.159
0.145
0.147
0.154
0.143
0.148
0.15
0.147
0.142
0.145
0.151
0.149
0.154
0.148
0.158
0.14
0.158
0.156
0.15
0.164
0.164
0.168
0.171
0.167
0.174
0.173
0.173
0.089
0.089
0.089
0.089
0.089
0.089
0.089
0.089
0.089
0.094
0.119
0.092
0.106
0.113
0.148
0.16
0.148
0.133
0.154
0.15
0.158
0.151
0.151
0.162
0.157
0.161
0.158
0.163
0.17
0.162
0.159
0.17
0.17
0.175
0.171
0.178
0.174
0.179
0.18
0.183
0.19
0.186
0.187
0.187
0.186
0.185
0.186
0.185
0.189
0.189
0.143
0.128
0.139
0.151
0.157
0.156
0.159
0.167
0.184
0.192
0.187
0.189
0.188
0.191
0.19
0.192
0.199
0.191
0.193
0.192
0.193
0.195
0.196
0.193
0.191
0.193
0.192
0.193
0.201
0.205
0.205
0.202
0.202
0.201
0.206
0.202
0.205
0.213
0.206
0.21
0.211
0.199
0.201
0.207
0.204
0.208
0.213
0.211
0.215
0.221
0.203
0.208
0.211
0.219
0.219
0.221
0.22
0.228
0.223
0.226
0.229
0.238
0.241
0.239
0.248
0.248
0.246
0.247
0.245
0.243
0.244
0.247
0.246
0.247
0.248
0.254
0.254
0.251
0.256
0.258
0.258
0.257
0.261
0.261
0.264
0.263
0.266
0.271
0.273
0.273
0.271
0.269
0.268
0.27
0.272
0.274
0.274
0.271
0.272
0.275
0.272
0.277
0.272
0.275
0.276
0.275
0.271
0.271
0.277
0.278
0.279
0.278
0.282
0.284
0.283
0.28
0.285
0.286
0.288
0.289
0.285
0.288
0.288
0.289
0.29
0.288
0.288
0.289
0.29
0.289
0.293
0.295
0.29
0.3
0.294
0.296
0.298
0.298
0.298
0.297
0.298
0.3
0.303
0.299
0.304
0.306
0.307
0.302
0.305
0.302
0.296
0.3
0.301
0.303
0.307
0.302
0.308
0.304
0.305
0.305
0.306
0.305
0.306
0.303
0.301
0.304
0.301
0.304
0.303
0.303
0.305
0.306
0.305
0.303
0.308
0.309
0.314
0.311
0.306
0.316
0.311
0.31
0.312
0.315
0.314
0.315
0.323
0.312
0.313
0.32
0.315
0.322
0.322
0.322
0.32
0.321
0.319
0.326
0.324
0.327
0.318
0.313
0.315
0.319
0.32
0.322
0.322
0.326
0.324
0.333
0.331
0.328
0.328
0.333
0.333
0.33
0.338
0.334
0.335
0.334
0.338
0.341
0.342
0.342
0.341
0.343
0.342
0.344
0.345
0.346
0.344
0.348
0.346
0.35
0.352
0.348
0.354
0.354
0.355
0.354
0.353
0.35
0.355
0.356
0.357
0.356
0.361
0.356
0.356
0.364
0.359
0.357
0.364
0.359
0.368
0.361
0.36
0.363
0.363
0.363
0.363
0.364
0.364
0.368
0.365
0.373
0.369
0.375
0.368
0.372
0.37
0.373
0.371
0.379
0.375
0.383
0.381
0.377
0.379
0.384
0.378
0.376
0.374
0.383
0.381
0.376
0.38
0.381
0.38
0.381
0.376
0.385
0.379
0.378
0.378
0.385
0.383
0.384
0.38
0.381
0.382
0.385
0.378
0.382
0.386
0.387
0.385
0.385
0.385
0.386
0.383
0.389
0.391
0.393
0.387
0.389
0.389
0.386
0.393
0.391
0.391
0.39
0.393
0.391
0.396
0.396
0.389
0.394
0.397
0.393
0.395
0.392
0.394
0.399
0.401
0.399
0.396
0.401
0.401
0.399
0.407
0.401
0.402
0.409
0.402
0.409
0.414
0.411
0.413
0.408
0.407
0.405
0.404
0.404
0.404
0.403
0.403
0.405
0.408
0.407
0.411
0.408
0.41
0.415
0.407
0.412
0.419
0.411
0.413
0.416
0.414
0.411
0.411
0.413
0.411
0.416
0.414
0.414
0.409
0.423
0.416
0.413
0.416
0.417
0.419
0.416
0.419
0.415
0.416
0.415
0.41
0.42
0.406
0.412
0.428
0.411
0.416
0.419
0.417
0.41
0.428
0.417
0.422
0.418
0.418
0.412
0.421
0.418
0.414
0.413
0.425
0.408
0.411
0.422
0.415
0.416
0.422
0.414
0.418
0.414
0.419
0.416
0.419
0.413
0.416
0.418
0.418
0.416
0.424
0.414
0.42
0.418
0.415
0.416
0.425
0.415
0.421
0.418
0.417
0.413
0.419
0.423
0.418
0.417
0.412
0.414
0.419
0.415
0.421
0.42
0.422
0.42
0.422
0.414
0.414
0.418
0.425
0.414
0.412
0.426
0.416
0.422
0.415
0.419
0.421
0.416
0.422
0.43
0.426
0.424
0.424
0.419
0.42
0.42
0.416
0.415
0.424
0.412
0.422
0.418
0.419
0.433
0.422
0.424
0.425
0.423
0.422
0.428
0.419
0.423
0.422
0.426
0.424
0.422
0.425
0.423
0.424
0.423
0.425
0.426
0.417
0.421
0.417
0.421
0.427
0.423
0.422
0.418
0.416
0.421
0.423
0.417
0.429
0.421
0.426
0.427
0.425
0.425
0.433
0.427
0.429
0.421
0.428
0.423
0.435
0.432
0.422
0.426
0.43
0.436
0.425
0.424
0.422
0.421
0.43
0.429
0.425
0.427
0.439
0.424
0.421
0.431
0.435
0.428
0.435
0.431
0.428
0.428
0.431
0.423
0.431
0.423
0.426
0.429
0.425
0.421
0.431
0.427
0.431
0.435
0.429
0.432
0.43
0.428
0.429
0.432
0.428
0.426
0.43
0.427
0.424
0.425
0.431
0.437
0.428
0.427
0.431
0.425
0.435
0.429
0.438
0.443
0.435
0.432
0.431
0.421
0.429
0.437
0.441
0.437
0.434
0.43
0.436
0.437
0.43
0.428
0.437
0.431
0.429
0.428
0.432
0.431
0.436
0.423
0.431
0.433
0.446
0.433
0.436
0.439
0.428
0.442
0.434
0.433
0.438
0.436
0.427
0.429
0.43
0.442
0.423
0.436
0.422
0.435
0.434
0.433
0.435
0.429
0.432
0.43
0.436
0.441
0.425
0.422
0.43
0.431
0.435
0.428
0.432
0.426
0.431
0.426
0.427
0.428
0.431
0.434
0.432
0.438
0.439
0.435
0.432
0.434
0.43
0.442
0.438
0.433
0.435
0.438
0.44
0.435
0.422
0.427
0.435
0.428
0.431
0.425
0.436
0.427
0.439
0.441
0.423
0.434
0.424
0.433
0.432
0.433
0.43
0.436
0.438
0.431
0.425
0.427
0.442
0.43
0.434
0.437
0.432
0.442
0.432
0.437
0.435
0.431
0.441
0.425
0.431
0.429
0.443
0.444
0.432
0.427
0.436
0.434
0.431
0.436
0.435
0.434
0.43
0.433
0.438
0.46
0.431
0.441
0.437
0.434
0.432
0.43
0.446
0.451
0.44
0.431
0.432
0.439
0.434
0.434
0.442
0.427
0.434
0.432
0.428
0.426
0.45
0.424
0.423
0.429
0.425
0.433
0.429
0.426
0.424
0.43
0.431
0.43
0.437
0.43
0.442
0.437
0.438
0.431
0.433
0.426
0.437
0.435
0.438
0.431
0.446
0.431
0.445
0.438
0.441
0.431
0.434
0.434
0.429
0.426
0.429
0.429
0.43
0.437
0.431
0.432
0.432
0.428
0.423
0.441
0.424
0.422
0.426
0.436
0.424
0.429
0.425
0.437
0.442
0.435
0.427
0.428
0.432
0.429
0.43
0.433
0.443
0.43
0.433
0.433
0.426
0.426
0.425
0.429
0.428
0.427
0.434
0.44
0.434
0.438
0.427
0.436
0.435
0.446
0.426
0.439
0.43
0.445
0.436
0.429
0.427
0.43
0.436
0.421
0.433
0.438
0.425
0.423
0.439
0.435
0.432
0.432
0.424
0.436
0.43
0.426
0.431
0.433
0.425
0.444
0.416
0.423
0.439
0.427
0.42
0.428
0.441
0.434
0.434
0.44
0.431
0.427
0.43
0.433
0.421
0.431
0.435
0.429
0.43
0.435
0.433
0.435
0.431
0.441
0.428
0.431
0.428
0.441
0.432
0.435
0.431
0.43
0.43
0.429
0.443
0.438
0.433
0.452
0.435
0.43
0.438
0.447
0.422
0.43
0.435
0.424
0.433
0.439
0.434
0.435
0.433
0.434
0.435
0.444
0.426
0.435
0.434
0.446
0.436
0.443
0.444
0.434
0.432
0.447
0.435
0.433
