0.101
0.115
0.122
0.121
0.129
0.125
0.131
0.128
0.13
0.133
0.13
0.148
0.135
0.139
0.15
0.136
0.134
0.149
0.12
0.138
0.168
0.156
0.145
0.154
0.123
0.147
0.142
0.145
0.138
0.144
0.15
0.146
0.151
0.154
0.149
0.149
0.155
0.14
0.144
0.148
0.159
0.138
0.156
0.156
0.184
0.176
0.18
0.173
0.179
0.188
0.112
0.112
0.112
0.112
0.112
0.114
0.112
0.112
0.113
0.116
0.118
0.129
0.113
0.117
0.121
0.138
0.14
0.126
0.133
0.141
0.144
0.143
0.138
0.146
0.15
0.16
0.164
0.161
0.15
0.156
0.141
0.163
0.166
0.179
0.17
0.182
0.179
0.181
0.17
0.184
0.195
0.19
0.196
0.186
0.181
0.187
0.189
0.194
0.197
0.196
0.131
0.151
0.138
0.137
0.16
0.152
0.139
0.164
0.187
0.172
0.193
0.187
0.186
0.197
0.189
0.199
0.194
0.193
0.193
0.189
0.186
0.191
0.192
0.189
0.193
0.188
0.196
0.201
0.205
0.201
0.208
0.207
0.199
0.201
0.198
0.206
0.199
0.204
0.206
0.202
0.192
0.2
0.204
0.198
0.206
0.202
0.216
0.205
0.211
0.207
0.182
0.198
0.208
0.195
0.21
0.204
0.21
0.208
0.222
0.221
0.216
0.221
0.221
0.235
0.225
0.232
0.224
0.229
0.234
0.223
0.23
0.227
0.237
0.238
0.248
0.245
0.244
0.247
0.25
0.256
0.232
0.247
0.253
0.252
0.25
0.253
0.256
0.255
0.244
0.249
0.254
0.261
0.246
0.256
0.27
0.251
0.258
0.255
0.265
0.274
0.264
0.264
0.255
0.263
0.263
0.254
0.257
0.27
0.272
0.261
0.259
0.263
0.265
0.27
0.28
0.276
0.265
0.273
0.27
0.271
0.271
0.275
0.263
0.28
0.268
0.281
0.278
0.287
0.276
0.286
0.276
0.278
0.28
0.278
0.288
0.287
0.28
0.292
0.29
0.293
0.293
0.298
0.3
0.281
0.291
0.296
0.289
0.292
0.29
0.292
0.297
0.302
0.298
0.298
0.3
0.305
0.306
0.303
0.302
0.297
0.306
0.31
0.3
0.303
0.307
0.31
0.302
0.3
0.319
0.31
0.311
0.32
0.317
0.324
0.321
0.325
0.328
0.323
0.314
0.326
0.33
0.324
0.318
0.323
0.331
0.335
0.324
0.346
0.334
0.327
0.322
0.339
0.345
0.341
0.341
0.35
0.362
0.343
0.361
0.352
0.329
0.334
0.328
0.328
0.337
0.354
0.349
0.349
0.341
0.358
0.356
0.328
0.344
0.335
0.343
0.36
0.362
0.359
0.357
0.353
0.353
0.347
0.36
0.371
0.372
0.36
0.353
0.371
0.359
0.365
0.376
0.357
0.389
0.362
0.353
0.383
0.384
0.375
0.378
0.379
0.372
0.375
0.374
0.382
0.394
0.382
0.381
0.385
0.384
0.379
0.376
0.377
0.402
0.381
0.39
0.378
0.383
0.399
0.385
0.403
0.393
0.371
0.392
0.394
0.403
0.413
0.399
0.39
0.408
0.414
0.409
0.418
0.405
0.409
0.393
0.418
0.402
0.397
0.424
0.427
0.414
0.421
0.403
0.417
0.418
0.407
0.414
0.43
0.42
0.436
0.409
0.418
0.425
0.438
0.436
0.429
0.432
0.442
0.431
0.429
0.438
0.408
0.442
0.428
0.414
0.433
0.465
0.45
0.449
0.427
0.445
0.434
0.434
0.447
0.446
0.44
0.435
0.433
0.442
0.45
0.464
0.422
0.47
0.468
0.437
0.456
0.449
0.464
0.469
0.436
0.472
0.467
0.467
0.452
0.469
0.477
0.461
0.461
0.462
0.464
0.472
0.463
0.47
0.483
0.483
0.465
0.473
0.47
0.482
0.486
0.473
0.485
0.482
0.476
0.456
0.482
0.471
0.491
0.478
0.48
0.471
0.503
0.454
0.477
0.491
0.482
0.485
0.494
0.501
0.514
0.5
0.501
0.499
0.499
0.492
0.484
0.505
0.498
0.492
0.522
0.499
0.499
0.495
0.492
0.521
0.525
0.523
0.505
0.497
0.5
0.5
0.517
0.512
0.515
0.506
0.515
0.534
0.512
0.539
0.516
0.518
0.51
0.512
0.51
0.548
0.511
0.529
0.528
0.543
0.53
0.529
0.511
0.519
0.543
0.528
0.528
0.524
0.545
0.533
0.537
0.53
0.523
0.543
0.535
0.529
0.542
0.552
0.552
0.555
0.538
0.544
0.544
0.549
0.535
0.55
0.552
0.546
0.565
0.544
0.537
0.548
0.562
0.57
0.569
0.562
0.57
0.547
0.583
0.543
0.552
0.555
0.567
0.533
0.563
0.569
0.57
0.575
0.567
0.552
0.555
0.556
0.577
0.591
0.57
0.558
0.541
0.583
0.577
0.59
0.602
0.573
0.586
0.614
0.549
0.582
0.576
0.565
0.587
0.597
0.593
0.572
0.581
0.582
0.582
0.599
0.598
0.616
0.61
0.627
0.637
0.614
0.604
0.611
0.604
0.583
0.594
0.617
0.593
0.621
0.617
0.585
0.596
0.609
0.617
0.594
0.609
0.618
0.601
0.601
0.62
0.614
0.599
0.592
0.63
0.632
0.617
0.61
0.602
0.615
0.632
0.608
0.634
0.619
0.656
0.612
0.625
0.63
0.632
0.616
0.647
0.638
0.62
0.65
0.626
0.631
0.628
0.642
0.66
0.646
0.647
0.646
0.643
0.642
0.623
0.652
0.651
0.658
0.681
0.664
0.663
0.615
0.657
0.662
0.649
0.66
0.629
0.654
0.683
0.647
0.648
0.668
0.613
0.66
0.625
0.658
0.639
0.653
0.66
0.637
0.665
0.675
0.651
0.654
0.66
0.668
0.673
0.664
0.656
0.662
0.669
0.648
0.673
0.671
0.67
0.683
0.683
0.687
0.675
0.698
0.686
0.685
0.675
0.686
0.675
0.661
0.692
0.671
0.705
0.671
0.676
0.704
0.684
0.692
0.695
0.693
0.681
0.695
0.695
0.676
0.687
0.683
0.666
0.686
0.682
0.684
0.703
0.711
0.702
0.7
0.687
0.713
0.687
0.698
0.708
0.706
0.71
0.721
0.695
0.718
0.712
0.721
0.731
0.701
0.708
0.702
0.725
0.693
0.72
0.734
0.72
0.741
0.706
0.725
0.725
0.747
0.722
0.733
0.717
0.718
0.743
0.716
0.724
0.713
0.758
0.713
0.717
0.73
0.729
0.761
0.735
0.747
0.737
0.746
0.719
0.748
0.732
0.744
0.703
0.724
0.737
0.737
0.725
0.745
0.72
0.718
0.739
0.756
0.746
0.74
0.75
0.753
0.754
0.767
0.762
0.762
0.744
0.754
0.76
0.742
0.749
0.745
0.749
0.756
0.782
0.764
0.753
0.765
0.775
0.788
0.751
0.758
0.762
0.766
0.779
0.738
0.77
0.776
0.749
0.748
0.765
0.769
0.775
0.768
0.759
0.763
0.751
0.754
0.763
0.772
0.761
0.789
0.76
0.748
0.774
0.783
0.767
0.779
0.765
0.77
0.748
0.76
0.772
0.78
0.773
0.792
0.772
0.788
0.798
0.763
0.813
0.792
0.801
0.77
0.775
0.791
0.787
0.796
0.777
0.805
0.781
0.792
0.794
0.78
0.787
0.786
0.791
0.789
0.773
0.785
0.799
0.786
0.775
0.785
0.802
0.785
0.786
0.809
0.783
0.812
0.79
0.811
0.776
0.815
0.818
0.805
0.791
0.822
0.806
0.824
0.811
0.797
0.825
0.803
0.805
0.804
0.792
0.782
0.839
0.81
0.834
0.814
0.816
0.81
0.821
0.831
0.82
0.82
0.828
0.815
0.808
0.82
0.816
0.824
0.803
0.812
0.813
0.831
0.821
0.795
0.825
0.841
0.842
0.817
0.828
0.82
0.82
0.823
0.829
0.839
0.841
0.818
0.835
0.837
0.825
0.814
0.846
0.844
0.837
0.823
0.836
0.857
0.835
0.805
0.818
0.836
0.826
0.834
0.846
0.844
0.838
0.844
0.828
0.84
0.837
0.834
0.843
0.845
0.849
0.837
0.842
0.842
0.833
0.85
0.827
0.852
0.827
0.793
0.835
0.853
0.844
0.843
0.857
0.854
0.834
0.867
0.847
0.86
0.851
0.843
0.855
0.843
0.846
0.858
0.829
0.853
0.872
0.849
0.844
0.83
0.855
0.837
0.844
0.853
0.871
0.851
0.846
0.86
0.851
0.868
0.857
0.847
0.85
0.847
0.863
0.856
0.852
0.863
0.876
0.846
0.869
