4.429999974370002480e-01
4.653999957442283564e-01
4.857999980449676514e-01
4.875999969244003140e-01
4.938999971747398132e-01
5.053999966382980435e-01
5.164999955892562999e-01
5.212999936938286227e-01
5.301999977231025563e-01
5.327999970316886769e-01
5.324999997019768117e-01
5.383999982476234125e-01
5.360999941825866921e-01
5.382999977469444808e-01
5.442999982833862660e-01
5.494999974966049416e-01
5.429999968409537914e-01
5.476999974250793546e-01
5.573999977111816495e-01
5.476999953389167786e-01
5.432999986410140814e-01
5.470999965071677851e-01
5.483999976515769870e-01
5.602999955415726152e-01
5.567999979853630599e-01
5.577999949455261230e-01
5.535999983549118042e-01
5.696999970078467923e-01
5.600999996066093889e-01
5.682999977469443964e-01
5.731999969482421964e-01
5.697999945282936629e-01
5.701000010967254283e-01
5.676999986171722412e-01
5.835999995470046997e-01
5.817999994754791127e-01
5.781999990344047768e-01
5.718999972939491361e-01
5.828000000119208934e-01
5.760999974608421725e-01
5.726999971270561041e-01
5.800999975204468306e-01
5.774999982118607100e-01
5.772999989986419278e-01
5.844999977946281344e-01
5.797999975085258439e-01
5.858000019192695085e-01
5.906000030040741144e-01
5.935999980568885670e-01
5.844999989867210033e-01
5.903000012040138245e-01
5.844999971985817000e-01
5.834999990463256569e-01
5.864000025391579163e-01
5.818999981880188521e-01
5.964999964833259671e-01
5.959000018239021257e-01
5.873999977111816762e-01
5.902999988198280867e-01
5.986999970674514726e-01
5.954999956488609136e-01
5.925999984145164934e-01
5.931999993324279519e-01
5.973999980092048467e-01
5.959999987483024508e-01
5.925999948382377758e-01
5.930999967455864441e-01
5.936999946832657304e-01
5.984999990463256703e-01
6.045999974012374878e-01
5.829999992251395646e-01
5.987999993562698187e-01
5.984999960660934981e-01
5.953999984264374268e-01
5.920999982953071283e-01
6.024999982118606212e-01
5.839999970793724460e-01
5.949999973177909629e-01
6.007999977469444808e-01
5.958999994397163880e-01
5.976999977231025607e-01
5.929999995231628462e-01
6.022999998927116572e-01
5.983999994397163347e-01
6.044999995827674555e-01
5.956999999284744440e-01
5.999999991059303817e-01
6.018999999761581732e-01
5.974999982118606168e-01
5.994000008702278226e-01
6.076999992132187112e-01
6.146000009775162143e-01
6.030999994277954634e-01
6.024999970197677523e-01
5.962999951839447199e-01
6.027999961376190319e-01
6.053999978303908902e-01
5.992999982833862038e-01
6.094999992847442982e-01
6.123000037670135454e-01
6.061999994516372725e-01
6.123000025749206765e-01
6.118000012636184426e-01
6.100000005960464211e-01
6.118000006675720082e-01
6.058000022172927990e-01
6.059000015258788618e-01
6.136999982595443548e-01
6.076999974250792969e-01
6.134999996423721180e-01
6.115999984741210538e-01
6.104000020027160467e-01
6.149999999999999911e-01
6.084999990463256792e-01
6.138999998569488747e-01
6.134999978542328147e-01
6.057999974489212125e-01
6.091999974846840082e-01
6.114999997615814253e-01
6.112999990582466125e-01
6.134000009298324896e-01
6.182000002264976812e-01
6.106999993324280229e-01
6.075999981164932340e-01
6.197000002861022816e-01
6.120999985933304188e-01
6.125999993085861073e-01
6.159999999403953375e-01
6.169000041484832275e-01
6.174000021815300165e-01
6.151999992132186623e-01
6.105000001192092407e-01
6.151999998092650968e-01
6.129999995231628640e-01
6.117999976873398360e-01
6.227000010013580278e-01
6.155999976396561157e-01
6.159000003337860019e-01
6.143999975919723910e-01
6.196999955177306951e-01
6.202000021934509499e-01
6.123999965190887185e-01
6.138000002503395391e-01
6.116999971866607932e-01
6.167000043392181219e-01
6.187000000476836625e-01
6.178000009059906317e-01
6.152000010013580766e-01
6.143000018596649348e-01
6.215999996662140425e-01
6.092999976873397783e-01
6.124999988079070645e-01
6.051999980211257846e-01
6.126999962329864324e-01
6.158000010251999390e-01
6.197999987006187483e-01
6.163000005483627586e-01
6.245000010728836148e-01
6.237999978661536993e-01
6.214000010490416948e-01
6.179999971389770197e-01
6.119999992847442449e-01
6.113000005483627541e-01
6.230999976396560669e-01
6.139999970793723616e-01
6.204999968409538047e-01
6.209000021219253096e-01
6.213999992609023915e-01
6.140000009536743519e-01
6.206999999284744662e-01
6.216000008583069114e-01
6.143000042438506725e-01
6.221999996900557939e-01
6.192999994754790904e-01
6.209999984502792003e-01
6.184999984502792536e-01
6.207999998331069635e-01
6.238999968767166004e-01
6.237000003457069397e-01
6.190000003576279219e-01
6.216000002622604770e-01
6.227000015974044622e-01
6.243000036478042469e-01
6.197999998927116172e-01
6.160999989509582386e-01
6.198999997973442255e-01
6.173000001907348322e-01
6.231000000238418046e-01
6.188000011444091397e-01
6.189000004529953136e-01
6.228999996185302646e-01
6.308000022172928212e-01
6.315999984741210715e-01
6.242000007629394664e-01
6.194999974966048928e-01
6.168999993801116410e-01
6.198999989032745184e-01
6.254000008106231911e-01
6.244000029563904208e-01
6.281000018119812234e-01
6.273000013828277099e-01
6.222999989986419678e-01
6.240999984741211204e-01
6.210000020265579179e-01
6.231999975442886752e-01
6.219999980926513850e-01
6.260000038146972257e-01
6.345999997854232522e-01
6.285000002384185658e-01
6.261000013351440963e-01
6.265000015497207420e-01
6.268000024557113248e-01
6.210999989509582431e-01
6.198000001907348899e-01
6.188000014424324124e-01
6.229000008106231334e-01
6.247999995946884599e-01
6.182999983429908752e-01
6.338999962806701749e-01
6.337000000476836759e-01
6.272000002861023438e-01
6.254999983310699507e-01
6.273000001907348411e-01
6.198000007867813244e-01
6.228999996185302646e-01
6.281000030040740922e-01
6.270000010728835615e-01
6.169999998807906838e-01
6.329000014066695767e-01
6.256999999284744707e-01
6.178999984264373913e-01
6.260999995470046819e-01
6.270999997854233010e-01
6.233999979496002153e-01
6.276000010967254239e-01
6.224999976158142045e-01
6.255000007152556885e-01
6.258999979496002730e-01
6.222999978065490989e-01
6.242000007629394664e-01
6.257999989390373718e-01
6.231999999284744129e-01
6.220000016689301026e-01
6.234999996423721269e-01
6.161000007390975419e-01
6.205999985337257163e-01
6.160999983549118042e-01
6.215999990701674971e-01
6.206999999284744662e-01
6.161000001430511075e-01
6.225000017881393566e-01
6.258000004291534024e-01
6.245000001788139077e-01
6.248000004887580561e-01
6.212000003457069930e-01
6.300999981164931985e-01
6.225999999046325506e-01
6.231000024080276534e-01
6.271999964118003534e-01
6.262000006437301591e-01
6.253000000119208757e-01
6.298999994993209617e-01
6.294999998807907504e-01
6.314999997615814431e-01
6.325000002980232239e-01
6.214999991655349998e-01
6.314000016450882491e-01
6.263999977707862543e-01
6.273999989032745805e-01
6.301000028848647849e-01
6.255000001192092540e-01
6.331000000238418135e-01
6.284999984502792625e-01
6.309999981522560475e-01
6.252000004053115401e-01
6.307000011205673440e-01
6.213999998569488259e-01
6.246999990940094172e-01
6.234999978542328236e-01
6.321999979019164995e-01
6.211000013351440918e-01
6.238999998569488836e-01
6.235000008344649958e-01
6.237999993562698409e-01
6.260999995470046819e-01
6.228000020980835050e-01
6.199999999999999956e-01
6.255000001192092540e-01
6.183999991416930797e-01
6.310999974608421104e-01
6.239999973773956432e-01
6.260999971628189442e-01
6.279000008106231379e-01
6.223999983072281417e-01
6.239000010490417525e-01
6.288000029325485629e-01
6.272000032663345159e-01
6.269000026583672058e-01
6.301000016927719161e-01
6.241999983787536177e-01
6.267999976873397383e-01
6.282000008225441245e-01
6.227999991178512218e-01
6.173999989032745717e-01
6.240999960899352716e-01
6.280000019073486150e-01
6.336000001430511785e-01
6.387000018358230946e-01
6.353000015020370261e-01
6.308000013232231140e-01
6.275999999046325550e-01
6.338999992609024581e-01
6.332000017166137251e-01
6.304999998211860968e-01
6.256000018119811656e-01
6.314999979734420288e-01
6.313000023365020752e-01
6.264999991655350042e-01
6.359000027179717573e-01
6.250000011920928689e-01
6.281000018119812234e-01
6.338000047206878707e-01
6.228000015020370705e-01
6.263000014424323636e-01
6.296000003814696822e-01
6.147000002861022772e-01
6.302000018954276861e-01
6.205999961495399786e-01
6.253999990224837768e-01
6.411000001430511297e-01
6.239999973773956432e-01
6.307999992370605380e-01
6.279000002145767034e-01
6.200999993085861695e-01
6.289000028371810602e-01
6.261000037193298340e-01
6.320000004768371316e-01
6.238999992609024492e-01
6.294999986886977705e-01
6.349999976158141601e-01
6.246000027656555265e-01
6.341000002622604326e-01
6.262000012397765936e-01
6.247999978065490456e-01
6.341000014543533014e-01
6.264999991655350042e-01
6.317000013589858520e-01
6.330000007152557506e-01
6.256999987363814908e-01
6.333999967575073553e-01
6.300999996066093400e-01
6.276999998092651634e-01
6.315000021457671808e-01
6.341999989748000610e-01
6.314000010490417036e-01
6.235000005364418341e-01
6.216000038385390836e-01
6.263000011444092019e-01
6.324000012874603227e-01
6.278000032901763783e-01
6.346000003814696866e-01
6.290999996662139937e-01
6.258999991416931419e-01
6.309999990463256436e-01
6.338000011444091530e-01
6.219999986886978194e-01
6.264000010490416992e-01
6.300999987125396329e-01
6.308000013232231140e-01
6.363999992609024048e-01
6.328000029921532210e-01
6.294999992847443160e-01
6.376000005006789983e-01
6.271000015735626043e-01
6.305000019073486728e-01
6.275000029802322299e-01
6.289000022411346258e-01
6.244999986886977661e-01
6.286000001430511741e-01
6.333000034093856367e-01
6.270999962091445834e-01
6.304999989271163896e-01
6.309999993443489164e-01
6.337999993562698497e-01
6.371999987959862111e-01
6.313000029325485096e-01
6.307000011205673440e-01
6.319000023603439375e-01
6.275999993085861206e-01
6.339000004529953269e-01
6.368000012636184648e-01
6.326000005006789939e-01
6.364000001549721119e-01
6.249999982118606967e-01
6.322999987006187039e-01
6.248000007867813288e-01
6.323999997973441811e-01
6.225999987125396817e-01
6.317000007629394176e-01
6.281999987363815485e-01
6.293000036478042514e-01
6.334000015258789418e-01
6.379000002145767123e-01
6.223999994993210105e-01
6.322999978065491078e-01
6.324999988079070823e-01
6.359000003337860196e-01
6.312000006437301636e-01
6.323999994993210194e-01
6.265999984741210671e-01
6.247000020742415893e-01
6.272000035643577887e-01
6.362000024318694713e-01
6.255999994277954279e-01
6.372000002861022416e-01
6.312000006437301636e-01
6.336000013351440474e-01
6.285000014305114346e-01
6.254999983310699507e-01
6.370000022649765503e-01
6.299999994039535700e-01
6.372000008821487871e-01
6.391000020503997403e-01
6.396999996900558649e-01
6.368999999761580932e-01
6.326000010967254283e-01
6.327000010013580367e-01
6.323000016808509871e-01
6.376000022888184127e-01
6.358999991416931508e-01
6.294999998807907504e-01
6.403000003099441617e-01
6.387000054121017012e-01
6.409000027179717618e-01
6.327000015974044711e-01
6.288999998569488881e-01
6.259999996423721846e-01
6.298000022768974748e-01
6.347000008821487294e-01
6.343999993801117121e-01
6.349999982118607056e-01
6.313000011444092063e-01
6.360000002384186280e-01
6.351000005006790516e-01
6.350999993085860718e-01
6.346000015735626665e-01
6.333999985456466586e-01
6.296000027656555309e-01
6.352999997138977228e-01
6.303000038862228704e-01
6.316000002622604859e-01
6.267000037431716963e-01
6.254999989271163852e-01
6.265999990701675015e-01
6.320999979972838911e-01
6.285000008344650002e-01
6.372999995946884155e-01
6.286999994516372370e-01
6.298000007867813332e-01
6.283999997377395230e-01
6.280000019073486150e-01
6.268999975919723466e-01
6.299000012874603760e-01
6.381000024080276667e-01
6.348999989032745317e-01
6.302999985218048495e-01
6.370999997854233099e-01
6.298999994993209617e-01
6.278000026941299438e-01
6.314000028371811180e-01
6.311000007390975552e-01
6.374000012874603271e-01
6.331000000238418135e-01
6.353999978303909169e-01
6.347999989986419234e-01
6.353000003099441573e-01
6.317999991774558843e-01
6.362999975681304932e-01
6.308999991416931463e-01
6.365999996662139448e-01
6.369000011682510731e-01
6.309000009298324496e-01
6.354000002145767656e-01
6.318000012636184604e-01
6.315000015497207464e-01
6.290999984741211248e-01
6.405000019073486817e-01
6.399000054597854259e-01
6.313000005483627719e-01
6.269999998807906927e-01
6.281999981403351141e-01
6.337999993562698497e-01
6.396000003814696910e-01
6.351999992132186801e-01
6.342000019550323442e-01
6.333000007271766263e-01
6.401999974250793812e-01
6.342999982833862349e-01
6.343000006675719726e-01
6.306999951601028886e-01
6.315999996662139404e-01
6.323999994993210194e-01
6.309999975562096131e-01
6.281000018119812234e-01
6.305999982357025635e-01
6.257000005245209051e-01
6.292999994754790993e-01
6.313000035285949441e-01
6.387000012397766602e-01
6.391999983787536310e-01
6.320000010728835660e-01
6.340999996662139981e-01
6.326999998092651678e-01
6.334000006318092346e-01
6.348000007867813377e-01
6.363000017404556452e-01
6.371000021696090476e-01
6.286999991536140753e-01
6.401000005006790561e-01
6.366000020503997936e-01
6.399999994039535789e-01
6.326999974250793191e-01
6.416999995708465576e-01
6.356000006198883057e-01
6.350000000000000089e-01
6.300999981164931985e-01
6.343999999761581465e-01
6.367000025510788364e-01
6.340000003576278242e-01
6.390000033378601119e-01
6.298999994993209617e-01
6.411000007390975641e-01
6.415000021457671897e-01
6.410000032186508045e-01
6.400000017881393166e-01
6.402999982237815857e-01
6.375000008940696627e-01
6.380000019073486239e-01
6.343999981880188432e-01
6.385000014305114435e-01
6.319000011682510687e-01
6.296999979019165528e-01
6.368000006675720304e-01
6.357000026106834900e-01
6.276999995112418906e-01
6.311000007390975552e-01
6.318999969959259166e-01
6.373000007867812844e-01
6.340999984741211293e-01
6.376000010967254328e-01
6.353999957442283408e-01
6.301999992132186756e-01
6.385000050067901611e-01
6.348000025749206410e-01
6.394000008702278581e-01
6.338000011444091530e-01
6.324000012874603227e-01
6.341999989748000610e-01
6.360999983549118220e-01
6.331999969482421387e-01
6.381000018119812323e-01
6.277999979257583574e-01
6.380000036954879272e-01
6.390000033378601119e-01
6.347999995946884688e-01
6.318999999761580888e-01
6.325999999046325595e-01
6.368000012636184648e-01
6.410999983549118264e-01
6.355000019073486772e-01
6.414000010490417125e-01
6.369000005722046387e-01
6.345000016689300582e-01
6.365000057220459029e-01
6.317000007629394176e-01
6.343999975919722978e-01
6.365000015497207508e-01
6.336000001430511785e-01
6.347000017762184365e-01
6.438999992609023559e-01
6.370999997854233099e-01
6.346999996900558605e-01
6.340999990701675637e-01
6.333999997377395275e-01
6.359999990463256481e-01
6.329000008106231423e-01
6.329999983310699019e-01
6.326000019907951355e-01
6.269999980926513894e-01
6.379000031948089955e-01
6.344000017642974498e-01
6.373000022768974260e-01
6.273000010848045482e-01
6.316000014543533547e-01
6.377000004053116067e-01
6.338999974727630438e-01
6.294000029563904253e-01
6.345000010728836237e-01
6.322999978065491078e-01
6.351999992132186801e-01
6.395999985933303877e-01
6.403000020980834650e-01
6.379999980330467446e-01
6.388000023365020263e-01
6.427000015974044800e-01
6.410000002384186324e-01
6.327000004053116022e-01
6.332999971508980197e-01
6.405999994277954412e-01
6.407000017166137873e-01
6.293999990820884349e-01
6.363999983668326976e-01
6.453999984264373602e-01
6.404000005125999317e-01
6.367999988794327271e-01
6.392999982833862394e-01
6.346999973058700117e-01
6.408000010251998502e-01
6.347000002861022949e-01
6.359000000357627469e-01
6.364000004529952736e-01
6.338000005483627186e-01
6.362999993562697965e-01
6.386000019311904863e-01
6.366000032424926625e-01
6.400000008940697205e-01
6.369000011682510731e-01
6.366999989748001187e-01
6.412999966740607904e-01
6.328000015020370794e-01
6.443000003695488198e-01
6.396000045537948431e-01
6.377999991178512351e-01
6.369999998807907016e-01
6.426000005006790028e-01
6.385999989509582031e-01
6.433000022172927768e-01
6.379999995231628862e-01
6.346000003814696866e-01
6.328999996185302734e-01
6.393000024557113914e-01
6.435999995470047530e-01
6.432000011205672996e-01
6.378000029921531144e-01
6.359999978542327792e-01
6.368000027537346064e-01
6.382000029087067094e-01
6.348000010848044994e-01
6.381000018119812323e-01
6.394999986886977794e-01
6.424000030755996349e-01
6.311000034213065657e-01
6.334999990463257014e-01
6.350000011920928777e-01
6.345999991893768177e-01
6.274999999999999467e-01
6.316000002622604859e-01
6.345999997854232522e-01
6.333999997377395275e-01
6.342000019550323442e-01
6.278999996185302690e-01
6.229999998211860346e-01
6.335999989509581987e-01
6.342000025510787786e-01
6.385000020265578780e-01
6.389000004529953314e-01
6.447000026702880415e-01
6.357000023126602173e-01
6.318999999761580888e-01
6.346000009775161210e-01
6.306999996304512024e-01
6.407000008225440801e-01
6.413000017404556496e-01
6.368000006675720304e-01
6.296000012755393893e-01
6.364000010490417081e-01
6.399999982118607100e-01
6.306999996304512024e-01
6.340999996662139981e-01
6.271999993920326366e-01
6.400000011920928822e-01
6.388999998569488969e-01
6.405999976396560269e-01
6.318999999761580888e-01
6.336000025272369163e-01
6.257000041007995117e-01
6.381000006198882524e-01
6.328999996185302734e-01
6.334000027179718106e-01
6.340000015497208041e-01
6.356000018119811745e-01
6.325999987125396906e-01
6.342000025510787786e-01
6.365999993681907831e-01
6.325999993085861250e-01
6.355999988317490024e-01
6.366999995708465532e-01
6.283000028133391979e-01
6.364999973773955988e-01
6.350000000000000089e-01
6.325999987125396906e-01
6.424999999999999600e-01
6.293999993801117077e-01
6.322999989986419767e-01
6.288000026345252902e-01
6.293999969959258589e-01
6.287000009417533786e-01
6.370000034570694192e-01
6.391000020503997403e-01
6.319000029563903720e-01
6.359999996423720825e-01
6.410000008344650668e-01
6.341999983787536266e-01
6.390999999642371643e-01
6.389000028371810691e-01
6.368000036478043135e-01
6.277999985218047918e-01
6.348000007867813377e-01
6.348999983072280973e-01
6.389000004529953314e-01
6.331000000238418135e-01
6.340000015497208041e-01
6.308000022172928212e-01
6.353000015020370261e-01
6.363999992609024048e-01
6.301999995112419484e-01
6.402999997138977273e-01
6.384999990463257058e-01
6.387000024318695290e-01
6.317999970912933083e-01
6.356000018119811745e-01
6.416000041365623741e-01
6.331000024080276622e-01
6.303999990224837813e-01
6.357000017166137829e-01
6.345999974012375144e-01
6.322000038623809548e-01
6.324000006914138883e-01
6.377999979257583663e-01
6.340999996662139981e-01
6.288000035285949973e-01
6.382999998331070346e-01
6.288999968767166049e-01
6.319999992847442627e-01
6.356999987363814997e-01
6.337999987602234153e-01
6.406000018119811790e-01
6.292999988794326649e-01
6.302999979257584151e-01
6.342000019550323442e-01
6.309000033140182984e-01
6.376999998092651722e-01
6.321000021696090432e-01
6.403999984264373557e-01
6.344999998807907549e-01
6.301999980211258068e-01
6.324000000953674538e-01
6.368000042438507480e-01
6.402000024914741294e-01
6.393000018596649570e-01
6.334999972581862870e-01
6.340000021457672386e-01
6.282999977469444497e-01
6.355000030994415461e-01
6.220999982953071550e-01
6.394000005722045854e-01
6.341999989748000610e-01
6.317999985814094499e-01
6.361999994516372992e-01
6.396000003814696910e-01
6.386000013351440519e-01
6.295999968051910756e-01
6.421999990940093772e-01
6.359999990463256481e-01
6.450000005960464522e-01
6.406000018119811790e-01
6.325000008940696583e-01
6.325999987125396906e-01
6.440999990701675726e-01
6.359999990463256481e-01
6.380000001192093206e-01
6.402000004053115534e-01
6.298000019788742021e-01
6.311999988555908603e-01
6.305000025033951072e-01
6.358000010251998457e-01
6.276999974250793146e-01
6.349000006914138350e-01
6.329999995231628818e-01
6.373000010848045571e-01
6.378000026941299527e-01
6.301999992132186756e-01
6.376000034809112815e-01
6.394000002741813127e-01
6.383000010251999035e-01
6.384000021219253806e-01
6.348000013828277721e-01
6.318999987840652199e-01
6.393999993801117165e-01
6.368999993801116588e-01
6.354000008106232000e-01
6.351000005006790516e-01
6.418000012636184692e-01
6.385000002384185747e-01
6.384999978542328369e-01
6.370000034570694192e-01
6.381000000238418179e-01
6.321999979019164995e-01
6.360000002384186280e-01
6.340999984741211293e-01
6.252999994158744412e-01
6.362000018358230369e-01
6.374000012874603271e-01
6.299999952316284180e-01
6.308999976515770047e-01
6.389000004529953314e-01
6.333999997377395275e-01
6.305999982357025635e-01
6.357999998331069769e-01
6.362000012397766024e-01
6.230999988317489358e-01
6.258999967575072931e-01
6.307000029087066473e-01
6.352999985218048540e-01
6.384000024199485424e-01
6.379999989271163408e-01
6.373999983072280440e-01
6.380000019073486239e-01
6.333000010251998990e-01
6.356999987363814997e-01
6.368000021576881720e-01
6.315999960899353338e-01
6.345999997854232522e-01
6.391000032424927202e-01
6.300000023841857422e-01
6.407000005245209184e-01
6.336000013351440474e-01
6.437000012397766646e-01
6.317999976873397427e-01
6.320000022649765459e-01
6.311999988555908603e-01
6.307999974489212347e-01
6.231000024080276534e-01
6.281999987363815485e-01
6.304999986290931169e-01
6.315999984741210715e-01
6.292000007629394709e-01
6.362000018358230369e-01
6.327000015974044711e-01
6.340999981760978566e-01
6.351000016927719205e-01
6.298000019788742021e-01
6.365000039339065996e-01
6.394000023603438887e-01
6.347000008821487294e-01
6.334000021219253762e-01
6.378999990224838434e-01
6.340000003576278242e-01
6.283000016212463290e-01
6.311000001430511208e-01
6.346000021696091009e-01
6.325999993085861250e-01
6.377000036835670516e-01
6.336999997496605141e-01
6.307999986410141036e-01
6.338000011444091530e-01
6.351000016927719205e-01
6.386999982595443770e-01
6.454000008106232089e-01
6.354000008106232000e-01
6.353000020980834606e-01
6.294000005722045765e-01
6.327999973297119274e-01
6.276999992132187289e-01
6.365000021457671853e-01
6.275000029802322299e-01
6.275999984145164134e-01
6.351999998092651145e-01
6.311999988555908603e-01
6.380000007152557551e-01
6.411999976634978893e-01
6.391999983787536310e-01
6.368999981880187899e-01
6.308000007271766796e-01
6.329000005125999806e-01
6.281999975442886797e-01
6.381000000238418179e-01
6.399999994039535789e-01
6.340000027418136730e-01
6.352000001072883872e-01
6.379000014066695812e-01
6.356999999284744796e-01
6.293000036478042514e-01
6.419000014662742393e-01
6.327000001072883295e-01
6.336000016331673201e-01
6.305000001192092585e-01
6.296000003814696822e-01
6.358000010251998457e-01
6.314000028371811180e-01
6.364999967813491644e-01
6.325000035762786688e-01
6.266999974846839683e-01
6.377999997138976696e-01
6.334999990463257014e-01
6.314000034332275524e-01
6.371999990940093728e-01
6.328000006079673723e-01
6.366000005602836520e-01
6.345000022649764926e-01
6.272999978065491034e-01
6.226000002026558233e-01
6.273000007867812755e-01
6.291000002622604281e-01
6.296000021696090965e-01
6.308000019192695484e-01
6.274000012874603183e-01
6.302999979257584151e-01
6.382000008225441334e-01
6.298000019788742021e-01
6.360000014305114968e-01
6.311000001430511208e-01
6.363999998569488392e-01
6.417999988794327315e-01
6.266999977827072410e-01
6.260999992489815202e-01
6.277000007033347595e-01
6.388000005483627231e-01
6.283000007271766219e-01
6.327000015974044711e-01
6.297000005841255632e-01
6.292000019550323398e-01
6.378000026941299527e-01
6.270999991893768666e-01
6.257000014185905012e-01
6.332999965548515853e-01
6.323000007867812799e-01
6.303999990224837813e-01
6.390000021457672430e-01
6.261000004410743891e-01
6.343000000715255382e-01
6.292999976873397960e-01
6.336999988555908070e-01
6.331000036001205311e-01
6.311000013351439897e-01
6.368000033497810408e-01
6.380000007152557551e-01
6.293999958038329900e-01
6.309999984502792092e-01
6.281999993324279830e-01
6.358999997377395852e-01
6.208999985456467030e-01
6.314000016450882491e-01
6.264000004529952648e-01
6.263999986648559615e-01
6.310999998450279591e-01
6.220999994874000238e-01
6.161000013351440874e-01
6.205999991297721508e-01
6.279999995231628773e-01
6.345000022649764926e-01
6.279000002145767034e-01
6.228999999165535373e-01
6.249999985098838584e-01
6.301999980211258068e-01
6.246000003814696777e-01
6.278000015020370750e-01
6.329000025987625566e-01
6.341000008583068670e-01
6.294000026583671525e-01
6.295000004768371848e-01
6.375000017881393699e-01
6.369999998807907016e-01
6.298999983072280928e-01
6.234999996423721269e-01
6.199000009894370944e-01
6.324000018835067571e-01
6.289000004529953225e-01
6.299999985098838629e-01
6.290000000596046581e-01
6.288000017404555830e-01
6.315999990701675060e-01
6.276000010967254239e-01
6.284999960660934137e-01
6.357999998331069769e-01
6.321000024676323159e-01
6.231000009179115118e-01
6.233999991416930841e-01
6.295000028610229226e-01
6.197999981045723139e-01
6.295999985933303789e-01
6.238000014424324169e-01
6.356000021100044473e-01
6.227999985218047874e-01
6.298999986052513655e-01
6.258999979496002730e-01
6.231999978423118369e-01
6.242999997735023676e-01
6.314999997615814431e-01
6.245999971032142328e-01
