1.000000001303851666e-01
1.917000003159046173e-01
1.940999996662139959e-01
2.625000002980232283e-01
3.102000010013580278e-01
3.370000016689300715e-01
3.730999995768070066e-01
3.958999983966350333e-01
4.183999982476234170e-01
4.368999987840652688e-01
4.432999989390373208e-01
4.611999976634979515e-01
4.636999985575676053e-01
4.717999979853629844e-01
4.804999971389770641e-01
4.916999977827072321e-01
4.922999942302703769e-01
4.925000002980232106e-01
4.982999944686889449e-01
5.011999961733818454e-01
5.113999956846236872e-01
5.116999962925911083e-01
5.176999965310096208e-01
5.185999956727027627e-01
5.230999967455863819e-01
5.171999952197074979e-01
5.259999966621399237e-01
5.292999950051308078e-01
5.311999973654747409e-01
5.363999944925308405e-01
5.387999966740608659e-01
5.407999941706657099e-01
5.412999975681305198e-01
5.438999968767166404e-01
5.451999971270561351e-01
5.513999953866004500e-01
5.471999961137771207e-01
5.526999971270560863e-01
5.466999968886375738e-01
5.558999961614609076e-01
5.549999970197677657e-01
5.550999975204468084e-01
5.590999960899353249e-01
5.606999981403351097e-01
5.564999988675117804e-01
5.600999993085861162e-01
5.603999981284141230e-01
5.658999994397163613e-01
5.603999975323676885e-01
5.643999981880187811e-01
5.662999969720839966e-01
5.691999959945678311e-01
5.672999972105026156e-01
5.670999944210052268e-01
5.715999972820281494e-01
5.786999973654747276e-01
5.785999968647956848e-01
5.764999958872795149e-01
5.758000001311301963e-01
5.772000002861022994e-01
5.727999973297118741e-01
5.768999987840652821e-01
5.845999988913536116e-01
5.859999984502792802e-01
5.836999970674514593e-01
5.861000004410743536e-01
5.829999995231628374e-01
5.885999986529349970e-01
5.796999987959862155e-01
5.854999968409537736e-01
5.786999973654747276e-01
5.858000013232230740e-01
5.881999999284743819e-01
5.850999999046325728e-01
5.866999974846840438e-01
5.891999980807304249e-01
5.927000001072884050e-01
5.941000008583068315e-01
5.824999988079071489e-01
5.928999972343445002e-01
5.912999978661537259e-01
5.893999984860420760e-01
5.948999997973442033e-01
5.951000019907951577e-01
5.953999990224838612e-01
5.959999999403953197e-01
6.008999997377395541e-01
5.945999976992607516e-01
5.932999950647354082e-01
5.997999981045722961e-01
5.979000005125999495e-01
6.010999977588653564e-01
5.973000007867813599e-01
5.975999984145164978e-01
5.967999970912933883e-01
5.951999992132186446e-01
5.980999994277954590e-01
6.021999973058700384e-01
5.981999978423118147e-01
5.943000000715256137e-01
6.062999993562698808e-01
6.039000016450881692e-01
5.986999979615211798e-01
5.997999963164329928e-01
6.081000009179114985e-01
5.997999995946884377e-01
6.027999985218047696e-01
6.116999983787536621e-01
6.070999956130981312e-01
6.068999981880187633e-01
6.112000003457069841e-01
6.007999998331069458e-01
6.080000013113021629e-01
6.022000008821487560e-01
6.052999967336654130e-01
6.070999982953071417e-01
6.053999990224838701e-01
6.082000023126602484e-01
6.044999977946281522e-01
6.024000006914138616e-01
6.105000004172325134e-01
6.105999994277954146e-01
6.120000013709068210e-01
6.084999990463256792e-01
6.102000004053116378e-01
6.125000023841857821e-01
6.071999993920326189e-01
6.170999994874000194e-01
6.177999985218047829e-01
6.122999975085258173e-01
6.181000018119812145e-01
6.081999987363815308e-01
6.121000018715858637e-01
6.100000002980232594e-01
6.147000014781951460e-01
6.189000007510184753e-01
6.194999983906745999e-01
6.163000008463859203e-01
6.173999992012977334e-01
6.161999979615211398e-01
6.168999984860420449e-01
6.108000004291533891e-01
6.143999963998794112e-01
6.059000006318092657e-01
6.180000019073486062e-01
6.180000007152557373e-01
6.176000010967254150e-01
6.158000013232231007e-01
6.159000003337860019e-01
6.156000012159347223e-01
6.234999990463256925e-01
6.184999999403953952e-01
6.207000005245209007e-01
6.174999994039535034e-01
6.146999967098235595e-01
6.213999995589256642e-01
6.239999979734420776e-01
6.215000003576278687e-01
6.218000006675720170e-01
6.157000002264976235e-01
6.232000005245208474e-01
6.173000007867812666e-01
6.203999984264373380e-01
6.131999987363815352e-01
6.142000019550323264e-01
6.224000033736228898e-01
6.186000016331673068e-01
6.171999973058700517e-01
6.188000017404555742e-01
6.198999994993209528e-01
6.206999996304511935e-01
6.226000013947486922e-01
6.186000019311904685e-01
6.202999991178512751e-01
6.227000012993813005e-01
6.150000005960464255e-01
6.235999980568885936e-01
6.243000006675720748e-01
6.232999995350837485e-01
6.246000015735626576e-01
6.216000050306320635e-01
6.266000005602836431e-01
6.292999979853629577e-01
6.231000015139579462e-01
6.235999998450278969e-01
6.234999999403953996e-01
6.215999999642372043e-01
6.296000018715858237e-01
6.183999988436699180e-01
6.237000003457069397e-01
6.262999990582466259e-01
6.262000009417534319e-01
6.301000025868416232e-01
6.253000003099441484e-01
6.275000002980232194e-01
6.208999982476234303e-01
6.239000001549720453e-01
6.304000023007393372e-01
6.303000012040138600e-01
6.215000021457671719e-01
6.261000031232833996e-01
6.244000011682510065e-01
6.259999987483024775e-01
6.290000000596046581e-01
6.280999994277953746e-01
6.230000025033950450e-01
6.216000002622604770e-01
6.277999985218047918e-01
6.244000008702278448e-01
6.243000027537345398e-01
6.258999988436698692e-01
6.281000006198883545e-01
6.300999996066093400e-01
6.298000034689903437e-01
6.243999990820884305e-01
6.293999993801117077e-01
6.266999980807304027e-01
6.260000011324882152e-01
6.275000011920929266e-01
6.289999991655349509e-01
6.266000026464462191e-01
6.291000002622604281e-01
6.301000013947486433e-01
6.304999968409538136e-01
6.322000032663345204e-01
6.318000018596648948e-01
6.327000030875206127e-01
6.294000023603438798e-01
6.339000001549720542e-01
6.238000002503395480e-01
6.274999991059303506e-01
6.281000047922133955e-01
6.228999996185302646e-01
6.259000015258788796e-01
6.289000028371810602e-01
6.326000022888184082e-01
6.289999976754188094e-01
6.268999993801116499e-01
6.239999982714653504e-01
6.380000013113021895e-01
6.336000001430511785e-01
6.320999997854233055e-01
6.352000001072883872e-01
6.306999987363814952e-01
6.355999958515167192e-01
6.248000001907348944e-01
6.372000038623809592e-01
6.286000013351440430e-01
6.307999998331069724e-01
6.251000010967254772e-01
6.330000004172324779e-01
6.345000013709067854e-01
6.300000000000000044e-01
6.319000023603439375e-01
6.284999975562095553e-01
6.363000002503395036e-01
6.367000007629394220e-01
6.354000011086463617e-01
6.374999999999999556e-01
6.377999994158745078e-01
6.363000002503395036e-01
6.275999975204468173e-01
6.345000001788139166e-01
6.355000013113021318e-01
6.323000007867812799e-01
6.338000026345252946e-01
6.376999989151954651e-01
6.320000028610229803e-01
6.369999989867209944e-01
6.359000003337860196e-01
6.344999986886977750e-01
6.362000003457068953e-01
6.368999999761580932e-01
6.277999988198280645e-01
6.325999996066093978e-01
6.313999968767166626e-01
6.364999985694885787e-01
6.369999983906745600e-01
6.384000000357628046e-01
6.356000003218650329e-01
6.401999986171722501e-01
6.355000010132789701e-01
6.347999998927116305e-01
6.410000017285346630e-01
6.323999980092048778e-01
6.395000010728836282e-01
6.371999987959862111e-01
6.337000000476836759e-01
6.322000005841255099e-01
6.350000008940697160e-01
6.339000007510184886e-01
6.373999983072280440e-01
6.359000015258788885e-01
6.400999963283539040e-01
6.383999973535537942e-01
6.420999965071678695e-01
6.409000003337860241e-01
6.400999981164932073e-01
6.411999964714050204e-01
6.419000041484832497e-01
6.405999991297721685e-01
6.394000005722045854e-01
6.349999997019767362e-01
6.413999989628791365e-01
6.344000005722045810e-01
6.412999996542930736e-01
6.400999975204467729e-01
6.377999988198280734e-01
6.414999988675117448e-01
6.431999987363815618e-01
6.413999986648559748e-01
6.371000000834464716e-01
6.366000017523765209e-01
6.414000001549721164e-01
6.384000018239021079e-01
6.348999980092048245e-01
6.379000011086464195e-01
6.447999975085259017e-01
6.402000027894974021e-01
6.365999993681907831e-01
6.342000004649162026e-01
6.391999989748000655e-01
6.281999996304512557e-01
6.442999973893165366e-01
6.387999990582465815e-01
6.418999996781349360e-01
6.394999986886977794e-01
6.389999994635582325e-01
6.452999976277351557e-01
6.361999979615211576e-01
6.460000029206276473e-01
6.377999982237816390e-01
6.356999948620796204e-01
6.422000002861022461e-01
6.495000016689300715e-01
6.404000023007392350e-01
6.398999974131583945e-01
6.429999986290931835e-01
6.429999995231628906e-01
6.417999979853630244e-01
6.385000002384185747e-01
6.397999981045723317e-01
6.454999992251395646e-01
6.411000004410744024e-01
6.383000001311301963e-01
6.352000024914741250e-01
6.352999973297118741e-01
6.387999990582465815e-01
6.351000010967254861e-01
6.413000023365020841e-01
6.431000009179115295e-01
6.385000029206275851e-01
6.398000016808509383e-01
6.425000002980232328e-01
6.402999973297118785e-01
6.369999995827675399e-01
6.378000032901763872e-01
6.399999997019767406e-01
6.421999981999397811e-01
6.400000002980231750e-01
6.431000003218650951e-01
6.394999989867210521e-01
6.417000013589858609e-01
6.364000031352042841e-01
6.360999995470046908e-01
6.419999995827674333e-01
6.355000004172325356e-01
6.404999986290931258e-01
6.354000011086463617e-01
6.455000010132789789e-01
6.413999974727631059e-01
6.400999990105629145e-01
6.379999971389770375e-01
6.438000032305717379e-01
6.404999992251396712e-01
6.407000038027763633e-01
6.442000010609626459e-01
6.403999996185302246e-01
6.492000016570090848e-01
6.441000011563301486e-01
6.439999973773956610e-01
6.444000008702278626e-01
6.448000028729439226e-01
6.430000010132789212e-01
6.412000003457068997e-01
6.399999991059303062e-01
6.438000011444091619e-01
6.450000014901161594e-01
6.412999996542930736e-01
6.437999996542930203e-01
6.406999981403350697e-01
6.465999984741210849e-01
6.378999978303909746e-01
6.426000002026558411e-01
6.394999974966049106e-01
6.412999990582466392e-01
6.375000002980232283e-01
6.415000000596046137e-01
6.453999957442283497e-01
6.459999996423720914e-01
6.420000007748604132e-01
6.405000016093254089e-01
6.460000014305115057e-01
6.409000021219253274e-01
6.461000025272369829e-01
6.435999986529350458e-01
6.427000027894973488e-01
6.374000018835067616e-01
6.428000000119209467e-01
6.448000010848045083e-01
6.495000016689300715e-01
6.441000014543533103e-01
6.439000016450882047e-01
6.411999979615211620e-01
6.372999987006187084e-01
6.404000017046928006e-01
6.381999996304511535e-01
6.392000013589859142e-01
6.469000008702278093e-01
6.480000039935112088e-01
6.499999997019767495e-01
6.428999999165534440e-01
6.435000017285347207e-01
6.422000005841255188e-01
6.428999990224838479e-01
6.488999971747397844e-01
6.425000026822089705e-01
6.479000008106231556e-01
6.467999997735023321e-01
6.488999995589256331e-01
6.412999993562698009e-01
6.454999974370002613e-01
6.425000002980232328e-01
6.395999994874000949e-01
6.475999984145164312e-01
6.446999984979630005e-01
6.418000012636184692e-01
6.467999994754791704e-01
6.456000018119811834e-01
6.444999989867210566e-01
6.463000002503395125e-01
6.432999995350837663e-01
6.419999998807907060e-01
6.384000030159949768e-01
6.464999988675117493e-01
6.405000013113021362e-01
6.464999988675117493e-01
6.441000002622604415e-01
6.458000013232231273e-01
6.430000033974647700e-01
6.453999981284141985e-01
6.467000031471252797e-01
6.456000021100044561e-01
6.486000004410743536e-01
6.472999987006187173e-01
6.463000026345252502e-01
6.473000010848045660e-01
6.476000010967254417e-01
6.459999993443489297e-01
6.412999978661537703e-01
6.430000051856040733e-01
6.450000041723251698e-01
6.464999991655350220e-01
6.450000032782554626e-01
6.407000035047530906e-01
6.442999976873398094e-01
6.491999992728233471e-01
6.484000006318092479e-01
6.469000044465065269e-01
6.480000013113021984e-01
6.460999998450279724e-01
6.446999999880790311e-01
6.474000024795532049e-01
6.481000006198882613e-01
6.427000004053116111e-01
6.443999984860420138e-01
6.509000024199486090e-01
6.471000024676323292e-01
6.422000029683112565e-01
6.461000001430511341e-01
6.500000020861625982e-01
6.449000018835068238e-01
6.467000007629394309e-01
6.485000032186508667e-01
6.513000005483626786e-01
6.455000025033951205e-01
6.457999998331069857e-01
6.458000016212462890e-01
6.516000005602836653e-01
6.495999997854232655e-01
6.480000028014183400e-01
6.478000009059905473e-01
6.504000008106232134e-01
6.504000028967857894e-01
6.454000031948089466e-01
6.467000001668929965e-01
6.462999975681305020e-01
6.500000011920928911e-01
6.442000031471252219e-01
6.397000008821487338e-01
6.463999995589255754e-01
6.453999984264373602e-01
6.417999991774558932e-01
6.445000031590462086e-01
6.487999990582465903e-01
6.461000010371208413e-01
6.528000038862228349e-01
6.500000002980231839e-01
6.485000008344650180e-01
6.497000002861023082e-01
6.523999997973441989e-01
6.440000024437904091e-01
6.461000025272369829e-01
6.502999994158744634e-01
6.451999983191489818e-01
6.441000023484230175e-01
6.422999989986419855e-01
6.480999997258186651e-01
6.442999997735023854e-01
6.478000000119209512e-01
6.493000009655952587e-01
6.492000025510787919e-01
6.452000018954276994e-01
6.491000035405158908e-01
6.474000027775764776e-01
6.434000012278556779e-01
6.445000019669532287e-01
6.429000023007392928e-01
6.449000021815299855e-01
6.451000022888183638e-01
6.454999998211861101e-01
6.486000028252602023e-01
6.512000006437301813e-01
6.490000024437904136e-01
6.470000025629997209e-01
6.418999990820885015e-01
6.498000019788742199e-01
6.478000020980835272e-01
6.445999994874000993e-01
6.434000009298324052e-01
6.469999989867210033e-01
6.456999996304512157e-01
6.457000035047530950e-01
6.504000008106232134e-01
6.479999977350234808e-01
6.474000027775764776e-01
6.476000005006790072e-01
6.455000019073486861e-01
6.497000038623810259e-01
6.480000007152557640e-01
6.466000002622603882e-01
6.445000007748603599e-01
6.431999996304511580e-01
6.467000022530555725e-01
6.432000023126601684e-01
6.415000009536743208e-01
6.432000005245208651e-01
6.458000010251998546e-01
6.449000006914138439e-01
6.437000024318695335e-01
6.506000018119811878e-01
6.500000002980231839e-01
6.481000003218650996e-01
6.485000008344650180e-01
6.489999964833259583e-01
6.516999995708465665e-01
6.498000013828277854e-01
6.472000023722648265e-01
6.451999986171722545e-01
6.489000001549720675e-01
6.519000002741813793e-01
6.432000008225441379e-01
6.454999989271164029e-01
6.467000004649162692e-01
6.520999994874000505e-01
6.495000013709067987e-01
6.499000012874602827e-01
6.452999976277351557e-01
6.424999991059303639e-01
6.505000016093254178e-01
6.484000039100646928e-01
6.492000001668930542e-01
6.462999978661536638e-01
6.509000009298324674e-01
6.475000002980232372e-01
6.497000020742416115e-01
6.484000003337859752e-01
6.507000002264976546e-01
6.490999984741211426e-01
6.441999995708465043e-01
6.518000009655952054e-01
6.520000028610229981e-01
6.510999995470047041e-01
6.518000009655952054e-01
6.451999974250793857e-01
6.503999999165535062e-01
6.481000018119812411e-01
6.481000018119812411e-01
6.490999981760978699e-01
6.515999984741210893e-01
6.506000015139580261e-01
6.502000021934509766e-01
6.531000012159347001e-01
6.474000009894370633e-01
6.458000019192695618e-01
6.502000021934509766e-01
6.491999962925910639e-01
6.422000005841255188e-01
6.526000002026557389e-01
6.483000001311302052e-01
6.532000032067298845e-01
6.465000000596046181e-01
6.520999985933303433e-01
6.549000006914138527e-01
6.533000016212463512e-01
6.491000008583068803e-01
6.474000027775764776e-01
6.531999987363815707e-01
6.490000015497208175e-01
6.482999980449676292e-01
6.449999985098838762e-01
6.489999991655349687e-01
6.461000001430511341e-01
6.492000010609626504e-01
6.481999993324280007e-01
6.455000025033951205e-01
6.498000025749206543e-01
6.498999983072281106e-01
6.460000020265579401e-01
6.494999989867210610e-01
6.465000006556510526e-01
6.515999999642372309e-01
6.490999993681907387e-01
6.460999995470046997e-01
6.515999990701675237e-01
6.457000017166137917e-01
6.461000004410744069e-01
6.487000027298926996e-01
6.499000012874602827e-01
6.472999987006187173e-01
6.491000002622604459e-01
6.472000002861022505e-01
6.503000068664550604e-01
6.458000010251998546e-01
6.466000026464462369e-01
6.468000012636184737e-01
6.523000007867812977e-01
6.406000009179115828e-01
6.486000001430511919e-01
6.452000015974044267e-01
6.447999998927116394e-01
6.476000010967254417e-01
6.409999966621399148e-01
6.458000028133392689e-01
6.450000023841857555e-01
6.471999981999396745e-01
6.455999994277954457e-01
6.460999995470046997e-01
6.460000008344650713e-01
6.486000007390976263e-01
6.449999994039535833e-01
6.446000000834465338e-01
6.493999999761581599e-01
6.456000018119811834e-01
6.508000016212462935e-01
6.486999994516372547e-01
6.481999981403351319e-01
6.532000041007995916e-01
6.517000010609627081e-01
6.509000009298324674e-01
6.529000014066695945e-01
6.518000030517577814e-01
6.457000023126602262e-01
6.495000004768372026e-01
6.514999991655350264e-01
6.519000017642975209e-01
6.459999984502792225e-01
6.448999994993209750e-01
6.476999998092651811e-01
6.486000019311904952e-01
6.487000030279159724e-01
6.496000009775161343e-01
6.492000025510787919e-01
6.543000018596649703e-01
6.488000023365020352e-01
6.467999988794326249e-01
6.456000024080276178e-01
6.518000006675720437e-01
6.483000001311302052e-01
6.460000035166740817e-01
6.435000047087668928e-01
6.491000032424927291e-01
6.479999983310699152e-01
6.485000023245811596e-01
6.494999986886977883e-01
6.462999993562698053e-01
6.492999985814094099e-01
6.471000003814697532e-01
6.492000019550323575e-01
6.505999994277954501e-01
6.491999989748000743e-01
6.480000028014183400e-01
6.516000008583069381e-01
6.470999997854233188e-01
6.496999990940094394e-01
6.498000013828277854e-01
6.505000022053718522e-01
6.500999999046325195e-01
6.475999999046325728e-01
6.491000026464461836e-01
6.497000008821487427e-01
6.511000007390975730e-01
6.442999997735023854e-01
6.517000001668930009e-01
6.480000019073486328e-01
6.469000050425529613e-01
6.473000022768974349e-01
6.516000020503998069e-01
6.508000004291534246e-01
6.553999996185302379e-01
6.483999997377395408e-01
6.498000025749206543e-01
6.483000028133392156e-01
6.522000044584274070e-01
6.509000033140182051e-01
6.453000009059906006e-01
6.496000039577484175e-01
6.483000004291534779e-01
6.525000029802322521e-01
6.482000020146370112e-01
6.516000026464462414e-01
6.495000028610229403e-01
6.501000022888183683e-01
6.519000023603439553e-01
6.520000028610229981e-01
6.530000019073486373e-01
6.519000035524368242e-01
6.476000005006790072e-01
6.508999982476234569e-01
6.516000032424926758e-01
6.495999988913535583e-01
6.549000027775764288e-01
6.519000005722045410e-01
6.502000015974044311e-01
6.516000032424926758e-01
6.507000035047530995e-01
6.454000011086463706e-01
6.496000021696091142e-01
6.518000018596649126e-01
6.528000009059905517e-01
6.543000036478042736e-01
6.519000005722045410e-01
6.507999980449676869e-01
6.484000009298324096e-01
6.502000030875205727e-01
6.507000005245209273e-01
6.488999980688094915e-01
6.549000027775764288e-01
6.517000031471252841e-01
6.520999991893767778e-01
6.509999990463256614e-01
6.498999997973442522e-01
6.477000033855437877e-01
6.519000017642975209e-01
6.479000031948090044e-01
6.502000039815902799e-01
6.501000034809112371e-01
6.505000054836272971e-01
6.474000000953674672e-01
6.512000018358230502e-01
6.505000030994415594e-01
6.524999999999999689e-01
6.521000039577483642e-01
6.530999988317489624e-01
6.496000003814696999e-01
6.523999977111816229e-01
6.537000036239624112e-01
6.522000020742416693e-01
6.549000024795532671e-01
6.474000006914139016e-01
6.503000038862228882e-01
6.543000033497810008e-01
6.556000018119811923e-01
6.525000011920929488e-01
6.515000039339065019e-01
6.498000013828277854e-01
6.516000050306319791e-01
6.518000018596649126e-01
6.487000024318695379e-01
6.525000017881393832e-01
6.482999995350837708e-01
6.510000008344650757e-01
6.516000008583069381e-01
6.494000017642974631e-01
6.517000001668930009e-01
6.505000025033951250e-01
6.507000014185905234e-01
6.465000051259994773e-01
6.498000013828277854e-01
6.487000018358231035e-01
6.514000046253204390e-01
6.492000043392180952e-01
6.485000008344650180e-01
6.496000021696091142e-01
6.513000047206878307e-01
6.473000034689903037e-01
6.501000028848648027e-01
6.456000041961670322e-01
6.544000017642974676e-01
6.507000023126602306e-01
6.499000018835068282e-01
6.486000049114227783e-01
6.555000013113021495e-01
6.482000011205673040e-01
6.479000037908554388e-01
6.516000026464462414e-01
6.470000022649764482e-01
6.504000025987625166e-01
6.496999987959861667e-01
6.490000021457672519e-01
6.543000012636184248e-01
6.463000020384788158e-01
6.519000026583671170e-01
6.514000010490417214e-01
6.525000011920929488e-01
6.543000030517578391e-01
6.466000029444693986e-01
6.534000045061111317e-01
6.482000017166137384e-01
6.518000048398971957e-01
6.465000009536743253e-01
6.484000021219253895e-01
6.530000042915343750e-01
6.490000021457672519e-01
6.524000042676925126e-01
6.476000007987022800e-01
6.476000010967254417e-01
6.522000008821486894e-01
6.528000026941299661e-01
6.491000020503997492e-01
6.482999989390373363e-01
6.532000032067298845e-01
6.497000038623810259e-01
6.487000033259391341e-01
6.527000039815902266e-01
6.499000012874602827e-01
6.479999983310699152e-01
6.522000050544738414e-01
6.515000015497207642e-01
6.551999998092651323e-01
6.504000008106232134e-01
6.497000014781951771e-01
6.500000020861625982e-01
6.510000005364418030e-01
6.498999986052512723e-01
6.513000017404556585e-01
6.516000020503998069e-01
6.538000017404556052e-01
6.525000005960464033e-01
6.539999994635582459e-01
6.527000021934509233e-01
6.512000042200088989e-01
6.565000033378600719e-01
6.494000038504600392e-01
6.533000016212463512e-01
6.499999991059303150e-01
6.508000004291534246e-01
6.531999999284744396e-01
6.538000005483627364e-01
6.501000040769576716e-01
6.493000012636184204e-01
6.524999999999999689e-01
6.500000011920928911e-01
6.495000010728836370e-01
6.552999997138977406e-01
6.504000025987625166e-01
6.493000000715255515e-01
6.548000022768973860e-01
6.518000018596649126e-01
6.527000018954276506e-01
6.533000034093856545e-01
6.559999978542327970e-01
6.530999994277953968e-01
6.526000010967254461e-01
6.513000032305718001e-01
6.519000020623206826e-01
6.501000010967254994e-01
6.510000035166740862e-01
6.532000043988227533e-01
6.443000000715255471e-01
6.522000014781952348e-01
6.529000020027160289e-01
6.546000009775161388e-01
6.490999987721443043e-01
6.559000033140182095e-01
6.529000034928321705e-01
6.568000030517577859e-01
6.485000005364418563e-01
6.510000035166740862e-01
6.563000023365020974e-01
6.513000044226646690e-01
6.541000020503997536e-01
6.594000029563903409e-01
6.564000040292740090e-01
6.571000021696090654e-01
6.596000033617019920e-01
6.575000011920928422e-01
6.558000034093857122e-01
6.577000033855437966e-01
6.553000029921531855e-01
6.559000068902969272e-01
6.572000044584274114e-01
6.575000020861625494e-01
6.545000016689300759e-01
6.577000033855437966e-01
6.531000000238418313e-01
6.583000025153160628e-01
6.494000014662743014e-01
6.557000035047531039e-01
6.567000001668930054e-01
6.516000038385391102e-01
6.516000032424926758e-01
6.572000011801719666e-01
6.543000033497810008e-01
6.546000009775161388e-01
6.556000047922134755e-01
6.557000023126602350e-01
6.556000041961670410e-01
6.563000017404556630e-01
6.571000000834464894e-01
6.550000005960464611e-01
6.575000005960464078e-01
6.561999994516373169e-01
6.574999999999999734e-01
6.561000013351440119e-01
6.492000046372413680e-01
6.538000038266181813e-01
6.525000017881393832e-01
6.548000010848045171e-01
6.557999998331069946e-01
6.527999994158745212e-01
6.534000009298324141e-01
6.516999995708465665e-01
6.534000009298324141e-01
6.525000011920929488e-01
6.591000014543533236e-01
6.555000025033951294e-01
6.584000015258788530e-01
6.539000007510185064e-01
6.597000014781951860e-01
6.565000021457672030e-01
6.588999992609023693e-01
6.565000003576278997e-01
6.553000003099441750e-01
6.562000054121017723e-01
6.546000000834465427e-01
6.581999999284744440e-01
6.573000025749206054e-01
6.580000022053718034e-01
6.575999993085861473e-01
6.539999994635582459e-01
6.539000016450882136e-01
6.586000025272369385e-01
6.592000007629394975e-01
6.551000010967255038e-01
6.516000008583069381e-01
6.598000025749206632e-01
6.597999995946883800e-01
6.558000010251998635e-01
6.559000015258789062e-01
6.627000004053116289e-01
6.538999980688094960e-01
6.535000014305114568e-01
6.591000014543533236e-01
6.538000011444091708e-01
6.554000002145766723e-01
6.542999979853629799e-01
6.537000009417534008e-01
6.557000011205673662e-01
6.548000043630599620e-01
6.536999994516372592e-01
6.562000000476837513e-01
6.543999993801117299e-01
6.543000030517578391e-01
6.555000013113021495e-01
6.583000004291534868e-01
6.552999985218047607e-01
6.558999967575073198e-01
6.550000005960464611e-01
6.556000003218650507e-01
6.551999986171722634e-01
6.552000004053115667e-01
6.550000017881393299e-01
6.555000001192092807e-01
6.551999986171722634e-01
6.538000029325484741e-01
6.513000029325485274e-01
6.564000010490417258e-01
6.559999996423721003e-01
6.512000024318694846e-01
