1.757999999821185932e-01
1.819999998062848956e-01
1.876000002026557978e-01
2.718000009655952565e-01
2.965000003576278576e-01
3.283000001311301985e-01
3.662000012397765847e-01
3.905999983847141532e-01
4.102999979257583862e-01
4.289999982714652882e-01
4.413999983668327465e-01
4.576999968290328957e-01
4.676999974250793390e-01
4.767999973893165544e-01
4.756999981403350897e-01
4.854999965429305786e-01
4.950999948382377447e-01
5.025999957323074030e-01
5.026999971270561529e-01
5.083999961614609209e-01
5.116999977827072499e-01
5.117999961972237166e-01
5.221999987959862199e-01
5.233999946713447926e-01
5.298999974131584079e-01
5.250999957323074785e-01
5.352999955415725930e-01
5.356999999284743907e-01
5.382999983429909152e-01
5.432999989390373541e-01
5.441999992728233648e-01
5.492999973893165633e-01
5.500999951362609552e-01
5.529999968409538003e-01
5.464999964833259227e-01
5.557999977469444408e-01
5.520999976992606584e-01
5.531999975442886130e-01
5.624999991059302928e-01
5.587999981641769143e-01
5.579999962449073703e-01
5.606000003218650773e-01
5.694999971985816867e-01
5.640999954938888949e-01
5.658999997377395230e-01
5.638999953866005166e-01
5.690999987721443443e-01
5.674999976158141557e-01
5.678999990224837813e-01
5.648999997973441767e-01
5.715999969840049877e-01
5.762999981641769853e-01
5.716999980807304649e-01
5.760999983549117687e-01
5.781999969482422008e-01
5.807999956607818870e-01
5.790999975800513733e-01
5.812999960780144137e-01
5.838999974727631104e-01
5.819999954104423390e-01
5.825999966263770702e-01
5.798999974131584523e-01
5.877999973297118874e-01
5.867999997735023898e-01
5.872999998927116438e-01
5.852999961376190718e-01
5.889000016450881558e-01
5.881999996304512202e-01
5.895999979972839089e-01
5.902999982237815413e-01
5.933999985456466231e-01
5.951999971270560685e-01
5.933999994397163302e-01
5.951999977231026140e-01
5.967999970912933883e-01
5.921999976038933022e-01
5.988999962806701438e-01
5.943999978899955350e-01
6.008999976515769781e-01
6.046000006794929327e-01
6.008999991416931197e-01
5.987999996542930914e-01
6.005000010132789390e-01
6.007999989390373496e-01
6.011999964714049849e-01
6.019999989867210743e-01
6.010000002384185969e-01
6.034000000357627735e-01
5.994999995827674510e-01
6.020000007748603776e-01
6.018000006675719993e-01
6.039999985694884943e-01
6.047999995946884422e-01
6.059999993443488941e-01
6.058999997377395585e-01
6.085000002384185480e-01
6.046000024676323470e-01
6.026000022888183816e-01
6.105000010132789479e-01
6.081999996304512379e-01
6.081999978423118236e-01
6.105999982357025457e-01
6.108999997377395630e-01
6.127999991178512129e-01
6.124999991059303373e-01
6.127000001072883117e-01
6.094000005722045588e-01
6.086999979615211886e-01
6.146000009775162143e-01
6.122999972105026556e-01
6.175999990105629500e-01
6.137999972701072560e-01
6.160999995470046731e-01
6.132999986410141435e-01
6.144999998807907371e-01
6.141000023484229908e-01
6.126999980211258467e-01
6.164000001549720942e-01
6.146000006794929416e-01
6.166000014543533414e-01
6.195000013709068831e-01
6.164999967813491466e-01
6.246000009775162232e-01
6.169000008702277826e-01
6.201000005006790383e-01
6.194000017642974365e-01
6.260000002384186191e-01
6.200999975204467551e-01
6.201000037789344832e-01
6.261000001430511164e-01
6.229999989271164385e-01
6.233000010251998901e-01
6.254999998211860923e-01
6.185000005364418296e-01
6.305000001192092585e-01
6.228999996185302646e-01
6.243000015616416709e-01
6.269999980926513894e-01
6.319999998807906971e-01
6.268000000715255871e-01
6.311000001430511208e-01
6.217999953031539961e-01
6.274999976158142090e-01
6.371000009775161788e-01
6.206000000238418579e-01
6.223000019788742510e-01
6.269999992847442583e-01
6.277999994158744990e-01
6.253999987244606151e-01
6.293000021576881098e-01
6.303000009059905873e-01
6.316000011563300820e-01
6.253000012040138555e-01
6.323999968171120090e-01
6.299999973177909940e-01
6.305000004172325312e-01
6.327999994158745034e-01
6.309999987483024819e-01
6.309999996423720781e-01
6.322999998927116838e-01
6.335000014305114391e-01
6.334999990463257014e-01
6.335000005364418429e-01
6.323000007867812799e-01
6.310999971628189487e-01
6.359000012278557268e-01
6.341000002622604326e-01
6.318000015616417331e-01
6.305000004172325312e-01
6.374999994039535212e-01
6.370000034570694192e-01
6.322000005841255099e-01
6.387000021338462563e-01
6.387000006437301147e-01
6.378999990224838434e-01
6.386999997496605186e-01
6.392000013589859142e-01
6.287000021338462474e-01
6.406000033020973206e-01
6.347000014781951638e-01
6.385999998450279103e-01
6.431000003218650951e-01
6.371000009775161788e-01
6.369000002741813660e-01
6.400000011920928822e-01
6.369999992847442671e-01
6.400000023841857510e-01
6.400999990105629145e-01
6.447000014781951727e-01
6.376000025868415744e-01
6.453000020980834694e-01
6.369000014662742348e-01
6.377000018954277483e-01
6.432000017166137340e-01
6.417000010609626992e-01
6.400000008940697205e-01
6.374000021815300343e-01
6.465000021457671942e-01
6.381000024080276667e-01
6.394999989867210521e-01
6.429999971389770419e-01
6.398999994993209706e-01
6.445000016689300670e-01
6.491999998688697815e-01
6.485000002384185835e-01
6.442000025510787875e-01
6.425999996066092956e-01
6.462999990582466436e-01
6.454999965429305542e-01
6.455000019073486861e-01
6.510000011324882374e-01
6.446999984979630005e-01
6.492000016570090848e-01
6.440000021457672474e-01
6.464000016450881514e-01
6.414999976754188760e-01
6.443000012636184159e-01
6.507000005245209273e-01
6.444000023603438931e-01
6.479000043869018732e-01
6.473000025749207076e-01
6.524999994039535345e-01
6.515000015497207642e-01
6.509000009298324674e-01
6.443000027537345575e-01
6.479000017046928628e-01
6.440999996662140070e-01
6.530000025033950717e-01
6.511000019311904419e-01
6.518000012636184781e-01
6.474000021815300432e-01
6.489999997615814031e-01
6.483000007271766396e-01
6.446000021696091098e-01
6.493000006675719860e-01
6.483000010251999123e-01
6.512999999523162442e-01
6.545000016689300759e-01
6.514000004529952870e-01
6.565000009536743342e-01
6.554000002145766723e-01
6.524000006914139060e-01
6.490000009536742720e-01
6.520000016689300182e-01
6.525000017881393832e-01
6.564000022411345947e-01
6.537000000476836936e-01
6.491999989748000743e-01
6.555000019073485840e-01
6.557999986410141258e-01
6.603000015020370483e-01
6.541000014543533192e-01
6.593000030517578436e-01
6.584000015258788530e-01
6.516000020503998069e-01
6.481000012159348067e-01
6.577999985218048185e-01
6.528000026941299661e-01
6.530999952554702448e-01
6.534000009298324141e-01
6.569000041484832630e-01
6.548000007867813554e-01
6.541000014543533192e-01
6.545000004768372071e-01
6.542000031471252308e-01
6.541999998688697859e-01
6.557999998331069946e-01
6.538000008463860091e-01
6.572000017762184010e-01
6.553999987244606418e-01
6.526999998092651856e-01
6.546999990940094438e-01
6.543999999761581643e-01
6.545000019669532376e-01
6.544000026583671747e-01
6.525000014901161105e-01
6.533000004291534824e-01
6.556999987363815174e-01
6.493999999761581599e-01
6.559000051021576239e-01
6.596000030636787193e-01
6.559000015258789062e-01
6.594000011682510376e-01
6.545999997854232699e-01
6.575000029802322565e-01
6.542000025510787964e-01
6.600000035762786377e-01
6.551000005006790694e-01
6.557000014185905279e-01
6.558999985456466231e-01
6.494999986886977883e-01
6.581000053882598566e-01
6.554000023007392484e-01
6.547000032663344848e-01
6.550000008940696228e-01
6.607000020146369668e-01
6.555000022053718567e-01
6.575000005960464078e-01
6.612000030279159279e-01
6.568999984860419694e-01
6.610000014305115190e-01
6.645999991893768444e-01
6.583000010251999212e-01
6.569999986886978505e-01
6.605000025033951339e-01
6.574000018835067793e-01
6.556000024080276267e-01
6.557000023126602350e-01
6.609000033140182140e-01
6.630000036954879494e-01
6.594000023603439065e-01
6.615000027418136419e-01
6.584000009298324185e-01
6.594000011682510376e-01
6.570000052452087402e-01
6.586000013351440696e-01
6.609000021219253451e-01
6.559000027179717751e-01
6.563000023365020974e-01
6.617000031471252930e-01
6.578000003099441217e-01
6.575000053644179943e-01
6.597999995946883800e-01
6.620000010728835926e-01
6.572000050544738459e-01
6.637999993562698764e-01
6.593000006675719948e-01
6.621000015735626354e-01
6.596000027656555575e-01
6.627000010013580633e-01
6.597999978065490767e-01
6.632000023126601862e-01
6.629000031948089067e-01
6.618000054359436390e-01
6.610000050067901256e-01
6.639000016450882224e-01
6.615999972820282293e-01
6.629000025987624722e-01
6.624000054597855014e-01
6.641000032424926314e-01
6.665999990701675371e-01
6.643000018596648681e-01
6.650000011920929044e-01
6.656000018119812012e-01
6.610000026226043879e-01
6.650000047683716220e-01
6.652000010013580100e-01
6.601000016927719427e-01
6.686000043153762507e-01
6.616000002622604015e-01
6.614000010490417303e-01
6.596000027656555575e-01
6.647000038623809282e-01
6.638000023365020485e-01
6.628000020980835405e-01
6.625000041723251298e-01
6.649000018835067305e-01
6.636000007390976396e-01
6.645999997854232788e-01
6.625000041723251298e-01
6.663999992609024314e-01
6.627000027894973666e-01
6.660000020265579579e-01
6.635000008344650313e-01
6.693000018596648726e-01
6.630000025033950806e-01
6.661000031232834351e-01
6.665000021457672119e-01
6.721999984979629694e-01
6.644000011682510420e-01
6.661000025272368896e-01
6.647000008821487560e-01
6.669999986886978594e-01
6.627000039815902355e-01
6.668000024557113603e-01
6.667000025510787520e-01
6.623000025749206099e-01
6.649000018835067305e-01
6.646000009775161477e-01
6.662000024318694980e-01
6.648000019788742332e-01
6.700000017881393433e-01
6.628000032901764094e-01
6.692000001668929610e-01
6.651000016927719471e-01
6.609000003337860418e-01
6.638000023365020485e-01
6.701999998092651456e-01
6.630000048875808183e-01
6.668000030517577947e-01
6.638000035285949174e-01
6.698000049591064098e-01
6.649000024795532759e-01
6.657000005245208296e-01
6.647000044584274736e-01
6.672000020742416826e-01
6.650000017881393388e-01
6.698000001907348233e-01
6.667000013589858831e-01
6.625000023841858265e-01
6.680999994277954102e-01
6.698000001907348233e-01
6.649000012874602961e-01
6.693000012636184382e-01
6.631999999284744485e-01
6.696000009775161521e-01
6.666000014543533858e-01
6.687000006437301414e-01
6.716000002622604104e-01
6.690000021457671586e-01
6.670000046491623147e-01
6.645999997854232788e-01
6.639000028371810913e-01
6.697000032663344982e-01
6.644000023603439109e-01
6.636000034213066501e-01
6.719000035524368419e-01
6.653000038862227905e-01
6.700000011920929088e-01
6.736000031232833862e-01
6.667000037431717319e-01
6.658000028133392867e-01
6.717000013589858876e-01
6.699000048637390181e-01
6.686000025272369474e-01
6.686000037193298162e-01
6.720000016689300359e-01
6.660000008344649780e-01
6.706999999284743996e-01
6.648000043630599709e-01
6.693000036478042869e-01
6.714000010490417392e-01
6.678000003099441306e-01
6.704999995231628596e-01
6.691999989748000921e-01
6.674000030755996571e-01
6.693000018596648726e-01
6.699000000953674316e-01
6.702000033855438632e-01
6.659000003337860463e-01
6.687000036239624245e-01
6.665000027418136463e-01
6.696000027656555664e-01
6.716000020503998247e-01
6.720000022649764704e-01
6.716000056266784313e-01
6.684000021219254073e-01
6.707000017166138139e-01
6.704000014066696655e-01
6.720000016689300359e-01
6.773000013828277543e-01
6.737000018358230147e-01
6.704000025987625344e-01
6.712000018358230680e-01
6.707000005245208341e-01
6.689000022411346613e-01
6.670999997854232255e-01
6.705000036954880116e-01
6.706000012159347712e-01
6.664000016450881692e-01
6.703000026941299261e-01
6.664000040292740179e-01
6.703000020980834917e-01
6.722000026702881215e-01
6.650000011920929044e-01
6.705000025033950317e-01
6.681000018119811479e-01
6.680000030994415194e-01
6.673000007867813110e-01
6.689000034332275302e-01
6.715000021457672164e-01
6.739000058174133834e-01
6.734000051021575839e-01
6.710000038146972656e-01
6.674000024795532227e-01
6.670000052452087491e-01
6.767000043392181752e-01
6.689000028371810957e-01
6.712000030279159368e-01
6.675000035762786998e-01
6.692000019550323753e-01
6.739000058174133834e-01
6.754000020027161044e-01
6.719000029563904075e-01
6.700999999046325373e-01
6.695999979972839800e-01
6.715000015497207819e-01
6.766999989748001543e-01
6.758000034093857300e-01
6.759000027179717929e-01
6.681000009179115517e-01
6.757000017166138184e-01
6.712000012397766335e-01
6.713000029325485452e-01
6.719000011682509932e-01
6.710000032186508312e-01
6.753000044822692338e-01
6.753000020980834961e-01
6.714000016450881736e-01
6.736000025272369518e-01
6.718000024557113647e-01
6.726000034809112016e-01
6.674000018835067882e-01
6.727000033855438099e-01
6.753000009059906272e-01
6.722000038623809903e-01
6.725000017881392900e-01
6.738000011444091886e-01
6.676000019907951666e-01
6.755000007152557329e-01
6.725000023841858354e-01
6.755999994277953613e-01
6.681000024080276933e-01
6.713000017404556763e-01
6.707000052928924205e-01
6.749000042676925881e-01
6.691000026464462014e-01
6.785000032186507823e-01
6.726000016927718983e-01
6.721000003814697754e-01
6.699000018835067349e-01
6.720999991893767955e-01
6.744000029563903542e-01
6.734000027179718462e-01
6.736000043153762551e-01
6.755000019073486017e-01
6.712000042200088057e-01
6.717000049352646052e-01
6.788000023365020619e-01
6.752000027894973222e-01
6.743000018596648770e-01
6.750000035762786510e-01
6.777000033855438144e-01
6.758000034093857300e-01
6.724000042676925304e-01
6.764000028371810469e-01
6.772000014781951460e-01
6.787000012397765847e-01
6.771000027656555176e-01
6.748000019788742421e-01
6.738000029325484919e-01
6.768000054359436524e-01
6.764000052213668956e-01
6.778000032901764227e-01
6.783000034093856767e-01
6.739000028371811002e-01
6.782000029087066340e-01
6.789000010490418013e-01
6.742000025510788142e-01
6.754000020027161044e-01
6.782000005245208962e-01
6.754000002145766901e-01
6.795000022649765326e-01
6.742000025510788142e-01
6.756000006198883412e-01
6.757000029087066872e-01
6.798000043630599842e-01
6.781000024080277022e-01
6.780000042915343972e-01
6.763000047206878529e-01
6.731000024080276978e-01
6.752999997138977584e-01
6.785000020265579135e-01
6.777000039815902488e-01
6.778000032901764227e-01
6.795000016689300981e-01
6.778000026941299883e-01
6.826999986171722323e-01
6.789999997615814298e-01
6.781000018119811568e-01
6.788999998569488215e-01
6.772000038623809948e-01
6.756000030040740789e-01
6.765000039339065241e-01
6.775000023841858399e-01
6.746000021696090254e-01
6.787000024318694535e-01
6.788000029325484963e-01
6.813000017404555742e-01
6.759000015258789240e-01
6.789000052213668424e-01
6.749000018835067394e-01
6.799999994039535034e-01
6.788000023365020619e-01
6.772000008821487116e-01
6.815000027418136597e-01
6.778000038862228571e-01
6.778000044822692916e-01
6.816000020503998336e-01
6.799000006914138750e-01
6.800000011920929177e-01
6.795000040531158358e-01
6.791000008583069070e-01
6.817000067234039173e-01
6.810000026226044056e-01
6.767000031471251953e-01
6.803999996185302601e-01
6.804000031948089777e-01
6.832000041007995073e-01
6.778000032901764227e-01
6.841000014543533458e-01
6.800000005960464833e-01
6.808000046014786033e-01
6.764000010490417436e-01
6.794000053405762074e-01
6.823000019788741932e-01
6.753000003099441928e-01
6.808000040054321689e-01
6.785000044107437622e-01
6.769000047445297152e-01
6.789000016450882358e-01
6.768000036478042380e-01
6.832000011205673351e-01
6.818000012636185048e-01
6.826000010967254727e-01
6.813000023365021196e-01
6.782000058889389171e-01
6.805000025033950406e-01
6.812000048160552490e-01
6.767000031471251953e-01
6.813000035285949885e-01
6.876000034809112149e-01
6.837000018358230236e-01
6.762000036239623757e-01
6.791000020503997758e-01
6.831000006198882923e-01
6.827000021934509499e-01
6.836000025272369607e-01
6.809000027179717973e-01
6.809000033140182317e-01
6.794000005722046209e-01
6.791000050306320590e-01
6.838999998569488259e-01
6.766000026464462636e-01
6.803000038862228038e-01
6.824000030755996704e-01
6.819000029563904164e-01
6.794000011682510554e-01
6.815000015497207908e-01
6.854000037908554166e-01
6.815000009536743564e-01
6.808000040054321689e-01
6.771000045537948209e-01
6.840000033378601518e-01
6.861000043153763217e-01
6.837000012397765891e-01
6.798000019788742465e-01
6.769000017642974321e-01
6.833000022172928123e-01
6.767000025510787609e-01
6.819999992847443071e-01
6.813000017404555742e-01
6.806000024080276489e-01
6.838000029325485007e-01
6.816000032424927024e-01
6.830000013113022295e-01
6.841000032424926491e-01
6.859000021219253673e-01
6.820000016689300448e-01
6.767000025510787609e-01
6.826000022888183416e-01
6.827000039815902532e-01
6.804000025987625433e-01
6.783000040054321111e-01
6.801000028848648293e-01
6.863000011444091442e-01
6.781000036001205711e-01
6.816000008583068537e-01
6.842000013589859542e-01
6.804000031948089777e-01
6.853000015020370705e-01
6.822000020742415849e-01
6.856000012159347845e-01
6.834000039100647239e-01
6.836000043153762640e-01
6.810000026226044056e-01
6.847000044584273803e-01
6.821000009775162187e-01
6.820000052452087624e-01
6.804000037908554122e-01
6.808000010251998857e-01
6.858000040054321733e-01
6.811000037193298828e-01
6.828000050783157304e-01
6.823000025749206277e-01
6.849000018835067483e-01
6.828000026941299927e-01
6.880000019073486683e-01
6.845000016689301026e-01
6.847000026702880771e-01
6.857000035047531306e-01
6.800000029802322210e-01
6.829000008106231867e-01
6.843000072240829068e-01
6.893000012636184559e-01
6.823000007867813244e-01
6.853000062704086570e-01
6.825000071525573198e-01
6.813000011444091397e-01
6.823000031709670621e-01
6.793000000715255782e-01
6.819999998807907415e-01
6.863000035285949929e-01
6.846000051498413175e-01
6.789000022411346702e-01
6.856000024080276534e-01
6.846000021696090343e-01
6.826000028848647760e-01
6.863000035285949929e-01
6.808000004291534513e-01
6.809000021219253629e-01
6.866999995708465976e-01
6.854000025987625477e-01
6.862000000476836670e-01
6.801000016927719605e-01
6.819000035524368508e-01
6.763000011444091353e-01
6.818999987840652643e-01
6.830000042915344016e-01
6.860000002384185613e-01
6.869000029563904208e-01
6.853000009059906361e-01
6.829000043869019043e-01
6.867000055313110529e-01
6.824000030755996704e-01
6.868000024557113781e-01
6.849000012874603138e-01
6.818000012636185048e-01
6.800000053644180698e-01
6.821000009775162187e-01
6.811000043153763173e-01
6.780000036954879628e-01
6.844000029563903631e-01
6.831000018119811612e-01
6.832000023126602040e-01
6.831000012159347268e-01
6.807000035047531261e-01
6.858000034093856279e-01
6.813000041246414229e-01
6.835000044107437667e-01
6.838000029325485007e-01
6.848000037670135542e-01
6.847000062465667947e-01
6.897000008821487782e-01
6.883000028133392512e-01
6.836000037193298295e-01
6.857000041007995650e-01
6.867999988794326605e-01
6.883000046014785545e-01
6.809000015258789285e-01
6.852000033855438765e-01
6.873000019788741977e-01
6.847000038623809459e-01
6.856000036001205222e-01
6.839999997615814342e-01
6.847000032663345115e-01
6.850000005960464877e-01
6.864000064134597734e-01
6.877000004053115401e-01
6.838000041246413696e-01
6.869000023603439864e-01
6.897000020742416471e-01
6.865000057220459473e-01
6.842000013589859542e-01
6.850000035762786599e-01
6.819000011682510021e-01
6.835000026226043524e-01
6.855000030994414795e-01
6.907000023126602661e-01
6.846000021696090343e-01
6.837000048160553067e-01
6.890000021457671764e-01
6.875000017881393033e-01
6.821000021696090876e-01
6.862000024318695157e-01
6.845000040531158403e-01
6.835000044107437667e-01
6.815000039339065285e-01
6.841000038385390836e-01
6.880000013113022339e-01
6.892000019550323930e-01
6.841000020503997803e-01
6.851000022888183993e-01
6.883000040054321200e-01
6.894000041484832364e-01
6.844000053405762118e-01
6.881000030040741455e-01
6.862000030279159501e-01
6.845000028610229714e-01
6.855000013113021762e-01
6.860999989509583008e-01
6.862000018358230813e-01
6.840000051259994551e-01
6.860000050067901478e-01
6.869000029563904208e-01
6.877999979257584107e-01
6.874000036716461093e-01
6.864000022411346214e-01
6.867000031471252042e-01
6.836000031232833951e-01
6.839000052213668468e-01
6.861000031232833418e-01
6.863000017404555786e-01
6.847000044584273803e-01
6.874000036716461093e-01
6.867000025510787697e-01
6.833000034093856812e-01
6.865000015497207952e-01
6.840000021457671719e-01
6.850000011920929222e-01
6.881000030040741455e-01
6.879000031948089289e-01
6.857000017166137162e-01
6.862000030279159501e-01
6.871000027656555265e-01
6.858000028133391934e-01
6.881000036001205800e-01
6.865000033378600985e-01
6.897000038623809504e-01
6.858000028133391934e-01
6.892000013589858476e-01
6.883000028133392512e-01
6.849000018835067483e-01
6.880000025033951028e-01
6.907000011205672863e-01
6.901000028848648382e-01
6.867000025510787697e-01
6.896000009775161699e-01
6.870999997854232433e-01
6.854000025987625477e-01
6.872000014781951549e-01
6.872000044584274381e-01
6.853000009059906361e-01
6.869000041484832897e-01
6.869999992847443115e-01
6.870000034570693526e-01
6.853000026941299394e-01
6.836000055074691328e-01
6.878000044822693004e-01
6.899999994039535123e-01
6.895000040531158447e-01
6.862000012397766469e-01
6.876000040769576493e-01
6.907000041007995694e-01
6.890999996662139360e-01
6.884000051021575972e-01
6.892000037431716963e-01
6.847999995946884022e-01
6.880000048875808405e-01
6.868000030517578125e-01
6.861000013351440385e-01
6.869000017642974409e-01
6.857999992370605868e-01
6.863000017404555786e-01
6.918000030517578169e-01
6.850000011920929222e-01
6.881999987363814908e-01
6.881000059843063177e-01
6.894000035524368020e-01
6.885000044107436601e-01
6.900000035762786643e-01
6.894000005722046298e-01
6.889000004529952648e-01
6.894999992847442583e-01
6.868999999761581376e-01
6.838000023365020663e-01
6.905000048875808982e-01
6.883000057935714233e-01
6.893999999761581954e-01
6.840000015497207375e-01
6.900000023841857955e-01
6.875000047683715865e-01
6.872000026702881348e-01
6.880000013113022339e-01
6.898000007867812755e-01
6.899999982118606434e-01
6.895000034570694103e-01
6.868999981880188344e-01
6.865000015497207952e-01
6.896000033617020186e-01
6.883000028133392512e-01
6.878000015020370173e-01
6.876000010967254772e-01
6.822999989986420211e-01
6.940000027418136153e-01
6.872000014781951549e-01
6.897000038623809504e-01
6.881999987363814908e-01
6.876000016927719116e-01
6.888000005483627675e-01
6.934000015258788840e-01
6.903000009059906406e-01
6.870000010728836148e-01
6.897999995946884066e-01
6.930999994277954324e-01
6.913000047206878662e-01
6.912000024318695202e-01
6.944000011682510687e-01
6.868000024557113781e-01
6.907000046968460039e-01
6.876000022888183461e-01
6.845000034570694059e-01
6.884000039100647284e-01
6.889000034332275479e-01
6.895000046491622792e-01
6.924000024795532449e-01
6.883000010251998368e-01
6.877000027894973888e-01
6.859000003337860640e-01
6.857999980449676070e-01
6.905000013113021806e-01
6.837000000476837203e-01
6.881999993324279252e-01
6.902000004053115978e-01
6.879000008106231911e-01
6.866000008583068581e-01
6.873000043630600464e-01
6.923000031709670710e-01
6.901000022888184038e-01
6.859000015258789329e-01
6.895000034570694103e-01
6.917000007629394709e-01
6.916000014543532970e-01
6.870000010728836148e-01
6.887999999523163330e-01
6.881999999284744707e-01
6.914000040292740401e-01
6.912000012397766513e-01
6.908000028133391979e-01
6.867000037431716386e-01
6.914000034332274947e-01
6.931000024080276045e-01
6.932999986410141036e-01
6.942000031471252663e-01
6.849000024795531827e-01
6.921000027656555309e-01
6.921000003814696822e-01
6.845000004768371227e-01
6.868000006675720748e-01
6.897999995946884066e-01
6.855999988317489358e-01
6.884000021219253140e-01
6.858000004291534557e-01
6.885000014305114879e-01
6.890999990701675015e-01
6.927000004053115445e-01
6.892000019550323930e-01
6.848000019788742510e-01
6.882000011205673395e-01
6.881000012159347312e-01
6.870000016689300493e-01
6.917000025510787742e-01
6.909000039100646751e-01
6.924000006914138305e-01
6.903000026941299438e-01
6.875000023841857377e-01
6.921000039577483998e-01
6.878000020980834517e-01
6.881000047922134488e-01
6.917000019550323398e-01
6.903000038862228127e-01
6.920000034570693570e-01
6.897000014781952126e-01
6.915000015497207997e-01
6.923000025749206365e-01
6.909000009298325029e-01
6.941000014543533547e-01
6.907000035047531350e-01
6.902999997138976607e-01
6.867000037431716386e-01
6.891000032424926536e-01
6.924000018835068104e-01
6.888000017404556363e-01
6.914000010490417569e-01
6.923000043630600508e-01
6.898000013828277099e-01
6.934000039100647328e-01
6.901000010967254239e-01
6.963000005483627186e-01
6.899000042676926014e-01
6.934000027179717529e-01
6.887000036239624423e-01
6.949999999999999512e-01
6.931000012159347357e-01
6.906999999284744174e-01
6.943000024557113292e-01
6.917000037431716430e-01
6.943000030517577637e-01
6.914000010490417569e-01
6.893999999761581954e-01
6.930000001192092585e-01
6.926000034809112194e-01
6.946000015735626087e-01
6.929000008106231956e-01
6.946999996900558028e-01
6.909000021219253718e-01
6.890000003576278731e-01
6.942000007629394176e-01
6.947000014781952171e-01
6.886000025272369651e-01
