0.1
0.124
0.145
0.128
0.117
0.117
0.124
0.137
0.139
0.132
0.112
0.112
0.112
0.114
0.12
0.121
0.12
0.121
0.129
0.132
0.112
0.112
0.112
0.112
0.109
0.113
0.112
0.113
0.112
0.125
0.125
0.114
0.13
0.123
0.135
0.134
0.146
0.112
0.13
0.122
0.119
0.112
0.117
0.126
0.129
0.128
0.124
0.125
0.126
0.132
0.112
0.112
0.112
0.112
0.112
0.115
0.114
0.146
0.148
0.137
0.126
0.13
0.136
0.144
0.144
0.146
0.144
0.144
0.145
0.14
0.128
0.13
0.138
0.133
0.148
0.169
0.184
0.183
0.181
0.183
0.174
0.185
0.195
0.198
0.186
0.201
0.199
0.187
0.205
0.211
0.194
0.201
0.202
0.198
0.194
0.199
0.19
0.191
0.19
0.198
0.198
0.2
0.202
0.198
0.212
0.208
0.212
0.208
0.214
0.222
0.218
0.218
0.221
0.222
0.218
0.22
0.23
0.24
0.235
0.241
0.236
0.244
0.235
0.247
0.235
0.264
0.262
0.26
0.25
0.249
0.265
0.254
0.259
0.254
0.272
0.26
0.27
0.265
0.255
0.266
0.268
0.262
0.274
0.269
0.265
0.279
0.286
0.269
0.27
0.269
0.282
0.279
0.285
0.278
0.283
0.266
0.281
0.278
0.303
0.276
0.29
0.288
0.291
0.315
0.287
0.293
0.305
0.303
0.295
0.317
0.303
0.299
0.29
0.311
0.299
0.305
0.299
0.3
0.305
0.317
0.302
0.312
0.31
0.315
0.318
0.326
0.34
0.316
0.318
0.333
0.322
0.322
0.333
0.331
0.33
0.343
0.332
0.316
0.334
0.346
0.342
0.335
0.352
0.361
0.338
0.353
0.347
0.347
0.354
0.361
0.365
0.351
0.372
0.37
0.366
0.364
0.361
0.374
0.362
0.364
0.377
0.368
0.374
0.368
0.393
0.37
0.379
0.388
0.394
0.377
0.372
0.38
0.399
0.381
0.398
0.407
0.392
0.401
0.397
0.431
0.396
0.413
0.402
0.406
0.406
0.421
0.402
0.409
0.415
0.418
0.423
0.433
0.433
0.413
0.449
0.423
0.436
0.442
0.434
0.431
0.436
0.444
0.442
0.454
0.447
0.432
0.448
0.445
0.443
0.452
0.461
0.474
0.46
0.444
0.467
0.46
0.47
0.471
0.46
0.498
0.469
0.448
0.461
0.478
0.468
0.491
0.472
0.476
0.47
0.493
0.48
0.483
0.465
0.483
0.494
0.488
0.472
0.49
0.493
0.474
0.485
0.488
0.504
0.499
0.499
0.497
0.499
0.487
0.519
0.49
0.505
0.503
0.49
0.52
0.504
0.524
0.499
0.524
0.496
0.512
0.521
0.519
0.532
0.526
0.531
0.534
0.52
0.523
0.518
0.513
0.51
0.552
0.532
0.528
0.523
0.536
0.553
0.55
0.541
0.54
0.535
0.554
0.551
0.534
0.538
0.557
0.54
0.535
0.548
0.564
0.528
0.563
0.565
0.569
0.568
0.552
0.557
0.572
0.559
0.555
0.571
0.576
0.565
0.575
0.556
0.561
0.554
0.567
0.557
0.564
0.572
0.601
0.59
0.541
0.57
0.587
0.612
0.577
0.589
0.583
0.606
0.604
0.594
0.615
0.597
0.587
0.6
0.591
0.597
0.606
0.621
0.607
0.584
0.597
0.6
0.608
0.594
0.615
0.63
0.621
0.601
0.622
0.621
0.601
0.591
0.61
0.61
0.602
0.632
0.632
0.622
0.638
0.612
0.619
0.62
0.632
0.636
0.638
0.617
0.64
0.646
0.636
0.634
0.649
0.634
0.651
0.663
0.627
0.632
0.622
0.632
0.645
0.661
0.663
0.654
0.637
0.659
0.636
0.665
0.627
0.684
0.665
0.659
0.648
0.622
0.661
0.659
0.657
0.673
0.664
0.678
0.684
0.644
0.673
0.658
0.668
0.656
0.67
0.658
0.647
0.656
0.694
0.678
0.68
0.691
0.673
0.673
0.676
0.684
0.683
0.728
0.689
0.668
0.68
0.681
0.691
0.663
0.701
0.684
0.685
0.704
0.703
0.68
0.693
0.703
0.681
0.685
0.678
0.682
0.72
0.702
0.722
0.698
0.708
0.71
0.705
0.71
0.705
0.691
0.72
0.706
0.722
0.714
0.705
0.703
0.73
0.7
0.695
0.731
0.716
0.722
0.727
0.709
0.747
0.732
0.738
0.735
0.72
0.726
0.716
0.736
0.744
0.732
0.726
0.744
0.746
0.733
0.739
0.753
0.731
0.749
0.764
0.77
0.755
0.733
0.741
0.767
0.74
0.741
0.732
0.77
0.719
0.746
0.761
0.771
0.771
0.743
0.729
0.755
0.757
0.772
0.749
0.76
0.765
0.755
0.746
0.756
0.758
0.734
0.766
0.772
0.768
0.779
0.766
0.75
0.756
0.77
0.756
0.746
0.776
0.794
0.766
0.775
0.778
0.774
0.78
0.767
0.777
0.774
0.774
0.78
0.731
0.771
0.78
0.791
0.778
0.779
0.769
0.757
0.759
0.81
0.807
0.808
0.786
0.795
0.787
0.768
0.776
0.777
0.792
0.78
0.779
0.81
0.779
0.783
0.814
0.812
0.791
0.787
0.795
0.803
0.784
0.8
0.816
0.8
0.801
0.793
0.81
0.769
0.803
0.827
0.839
0.795
0.819
0.807
0.808
0.823
0.784
0.811
0.812
0.829
0.834
0.809
0.823
0.818
0.767
0.812
0.803
0.805
0.824
0.827
0.82
0.8
0.798
0.808
0.809
0.809
0.813
0.818
0.811
0.83
0.872
0.824
0.813
0.818
0.859
0.857
0.832
0.823
0.826
0.855
0.826
0.817
0.8
0.818
0.82
0.834
0.845
0.823
0.822
0.853
0.824
0.845
0.826
0.838
0.837
0.84
0.844
0.824
0.802
0.85
0.84
0.852
0.828
0.827
0.829
0.852
0.826
0.816
0.841
0.853
0.826
0.855
0.841
0.827
0.848
0.83
0.849
0.845
0.838
0.873
0.871
0.847
0.874
0.847
0.838
0.853
0.86
0.831
0.836
0.877
0.864
0.869
0.842
0.842
0.857
0.858
0.841
0.853
0.87
0.875
0.873
0.857
0.862
0.873
0.836
0.848
0.86
0.837
0.868
0.878
0.866
0.869
0.88
0.858
0.866
0.884
0.873
0.876
0.859
0.881
0.845
0.876
0.876
0.834
0.859
0.874
0.85
0.852
0.875
0.893
0.896
0.865
0.883
0.873
0.863
0.877
0.863
0.866
0.86
0.884
0.872
0.888
0.868
0.868
0.859
0.863
0.872
0.869
0.861
0.88
0.907
0.876
0.88
0.878
0.877
0.88
0.879
0.871
0.872
0.891
0.897
0.878
0.891
0.879
0.869
0.862
0.889
0.871
0.886
0.904
0.887
0.881
0.876
0.876
0.903
0.843
0.879
0.873
0.863
0.918
0.899
0.896
0.865
0.885
0.877
0.885
0.886
0.871
0.866
0.923
0.903
0.892
0.891
0.874
0.889
0.878
0.892
0.858
0.891
0.912
0.904
0.864
0.911
0.902
0.902
0.892
0.894
0.875
0.871
0.911
0.9
0.897
0.879
0.87
0.902
0.904
0.895
0.876
0.896
0.902
0.896
0.912
0.875
0.889
0.9
0.914
0.893
0.901
0.902
0.911
0.928
0.91
0.902
0.926
0.9
0.899
0.884
0.907
0.895
0.913
0.895
0.902
0.908
0.904
0.916
0.909
0.91
0.897
0.902
0.915
0.902
0.9
0.901
0.899
0.92
0.896
0.865
0.888
0.9
0.916
0.937
0.902
0.906
0.902
0.894
0.881
0.918
0.903
0.906
0.926
0.915
0.917
0.896
0.902
0.922
0.897
0.918
0.91
0.907
0.914
0.906
0.922
0.913
0.902
0.897
0.901
0.895
0.916
0.905
0.923
0.917
0.915
0.907
0.913
0.913
0.891
0.933
0.916
0.926
0.921
0.918
0.906
0.902
0.909
0.917
0.912
0.908
0.921
0.925
0.939
0.94
0.921
0.914
0.917
0.916
0.903
0.913
0.886
0.932
0.919
0.932
0.926
0.935
0.938
0.929
0.916
0.921
0.903
0.912
0.939
0.919
0.918
0.91
0.922
0.927
0.909
0.909
0.893
0.912
0.929
0.921
0.928
0.903
0.924
0.926
0.914
0.901
0.926
0.919
0.94
0.945
0.923
0.925
0.931
0.902
0.909
0.919
0.935
0.934
0.95
0.925
0.915
0.936
0.94
0.913
0.928
0.925
0.933
0.928
0.926
0.934
0.941
0.93
0.909
0.947
0.907
0.932
0.908
0.939
