667866.0
667866.0
667866.0
669126.0
669862.0
669862.0
668273.0
669862.0
669862.0
669862.0
983867.0
983867.0
983867.0
984573.0
984462.0
983433.0
983433.0
983433.0
983433.0
983433.0
1287388.0
1287388.0
1287388.0
1287388.0
1285876.0
1287388.0
1287388.0
1287388.0
1287388.0
1288870.0
1579675.0
1579401.0
1579675.0
1579675.0
1579675.0
1579401.0
1579675.0
1579850.0
1579401.0
1579675.0
1860056.0
1860609.0
1859839.0
1859839.0
1859839.0
1859839.0
1859839.0
1859526.0
1859526.0
1859839.0
2130974.0
2130974.0
2130974.0
2130974.0
2130100.0
2130100.0
2130100.0
2129767.0
2129767.0
2129767.0
2392541.0
2392541.0
2392541.0
2392541.0
2392541.0
2392541.0
2392541.0
2392541.0
2392541.0
2389443.0
2640862.0
2639367.0
2639367.0
2638423.0
2640862.0
2637800.0
2637800.0
2637800.0
2640862.0
2640862.0
2880644.0
2880567.0
2880567.0
2880644.0
2879909.0
2880567.0
2880644.0
2881201.0
2880051.0
2880051.0
3110921.0
3110921.0
3110921.0
3112991.0
3110921.0
3112991.0
3112589.0
3112991.0
3111656.0
3111656.0
3335192.0
3335192.0
3334797.0
3334797.0
3334797.0
3335192.0
3335192.0
3335192.0
3335192.0
3334797.0
3549034.0
3549034.0
3550045.0
3549386.0
3549386.0
3549034.0
3548163.0
3548672.0
3551275.0
3551275.0
3759125.0
3754290.0
3759161.0
3754290.0
3754290.0
3757348.0
3757348.0
3757348.0
3754290.0
3757111.0
3957512.0
3958387.0
3955972.0
3958387.0
3955506.0
3958005.0
3957512.0
3957512.0
3955506.0
3958005.0
4150320.0
4149277.0
4150864.0
4147907.0
4147907.0
4147907.0
4149277.0
4150864.0
4150320.0
4150320.0
4336410.0
4337137.0
4336460.0
4334340.0
4334340.0
4335661.0
4337359.0
4335661.0
4336410.0
4336482.0
4516601.0
4516601.0
4517668.0
4515202.0
4516258.0
4514641.0
4514899.0
4517269.0
4517269.0
4517668.0
4690300.0
4690300.0
4689187.0
4690708.0
4687080.0
4689187.0
4689641.0
4689641.0
4687676.0
4689070.0
4856523.0
4856523.0
4856523.0
4855040.0
4854739.0
4855911.0
4855040.0
4855040.0
4855493.0
4856523.0
5018467.0
5015164.0
5015999.0
5015999.0
5018467.0
5018467.0
5015999.0
5015999.0
5017786.0
5016712.0
5169806.0
5171209.0
5169806.0
5169806.0
5170637.0
5170637.0
5170637.0
5170637.0
5172495.0
5171178.0
5319817.0
5321904.0
5319987.0
5319987.0
5319817.0
5319817.0
5321904.0
5321904.0
5324077.0
5321904.0
5465030.0
5464693.0
5464128.0
5464128.0
5464210.0
5466401.0
5465719.0
5464254.0
5464128.0
5464254.0
5604530.0
5604337.0
5602581.0
5604864.0
5605144.0
5604337.0
5602581.0
5602581.0
5605144.0
5604337.0
5738393.0
5736122.0
5738219.0
5738320.0
5738884.0
5737607.0
5738852.0
5737607.0
5737149.0
5738884.0
5869802.0
5866206.0
5868070.0
5869802.0
5866298.0
5869802.0
5866615.0
5868070.0
5868053.0
5867056.0
5992957.0
5993305.0
5992957.0
5993305.0
5991842.0
5992304.0
5991842.0
5993305.0
5992957.0
5991698.0
6112347.0
6114891.0
6115501.0
6113892.0
6113094.0
6113773.0
6114497.0
6116090.0
6116090.0
6113094.0
6230899.0
6233313.0
6230899.0
6230899.0
6230471.0
6232430.0
6231362.0
6232134.0
6230471.0
6230899.0
6347543.0
6343402.0
6345502.0
6346055.0
6343630.0
6343402.0
6346055.0
6345502.0
6346055.0
6345940.0
6455004.0
6455004.0
6457173.0
6455004.0
6455004.0
6455004.0
6454139.0
6455004.0
6453883.0
6454701.0
6563653.0
6560378.0
6560378.0
6560263.0
6560170.0
6559238.0
6560170.0
6559238.0
6560170.0
6560170.0
6663383.0
6663218.0
6663358.0
6661091.0
6664309.0
6663218.0
6659826.0
6663383.0
6664309.0
6662279.0
6760572.0
6762232.0
6760572.0
6762143.0
6762143.0
6762143.0
6762143.0
6759437.0
6762232.0
6762143.0
6856431.0
6855416.0
6855510.0
6855031.0
6857294.0
6855510.0
6857294.0
6856776.0
6855416.0
6856776.0
6950211.0
6950211.0
6950184.0
6950211.0
6948344.0
6946411.0
6946411.0
6949749.0
6946411.0
6946411.0
7038327.0
7039370.0
7039370.0
7038327.0
7039370.0
7039894.0
7040512.0
7038327.0
7038925.0
7039894.0
7127690.0
7127690.0
7126333.0
7126387.0
7127690.0
7124050.0
7125755.0
7125977.0
7127690.0
7128122.0
7210644.0
7208242.0
7210644.0
7211102.0
7209803.0
7211501.0
7208242.0
7211501.0
7211591.0
7210644.0
7291717.0
7291320.0
7291717.0
7291282.0
7291717.0
7291717.0
7290647.0
7290228.0
7290228.0
7291282.0
7371090.0
7370471.0
7371090.0
7371010.0
7370712.0
7369548.0
7369548.0
7370471.0
7371010.0
7370471.0
7446916.0
7447212.0
7447429.0
7446916.0
7445738.0
7446516.0
7447212.0
7446516.0
7446516.0
7445738.0
7520202.0
7520555.0
7519403.0
7520555.0
7520555.0
7521527.0
7519614.0
7519614.0
7519403.0
7519632.0
7593407.0
7591932.0
7592837.0
7592373.0
7591932.0
7592373.0
7592373.0
7592373.0
7591844.0
7591932.0
7661754.0
7661754.0
7660713.0
7662117.0
7663357.0
7663357.0
7663357.0
7662279.0
7662491.0
7661754.0
7730238.0
7729226.0
7729046.0
7730322.0
7729226.0
7729226.0
7730394.0
7727386.0
7730394.0
7730394.0
7792896.0
7792896.0
7791932.0
7791932.0
7795570.0
7795570.0
7792359.0
7792359.0
7792896.0
7793496.0
7855834.0
7857490.0
7855834.0
7857490.0
7857490.0
7857490.0
7857490.0
7857490.0
7856409.0
7854932.0
7917626.0
7915895.0
7917626.0
7918665.0
7915895.0
7917430.0
7917178.0
7915895.0
7918665.0
7917178.0
7976535.0
7977967.0
7978286.0
7978930.0
7978286.0
7978286.0
7978220.0
7979096.0
7977840.0
7979096.0
8031720.0
8037586.0
8031720.0
8037016.0
8037586.0
8035249.0
8036952.0
8037016.0
8037016.0
8037016.0
8091344.0
8091079.0
8092066.0
8090436.0
8090698.0
8093290.0
8090698.0
8092066.0
8091588.0
8093290.0
8147190.0
8145613.0
8146488.0
8145613.0
8147190.0
8143902.0
8143902.0
8147433.0
8146769.0
8147190.0
8200880.0
8198136.0
8200880.0
8199889.0
8198136.0
8199144.0
8198136.0
8199144.0
8198598.0
8199889.0
8253160.0
8251278.0
8253160.0
8250323.0
8253160.0
8251275.0
8249621.0
8251278.0
8251275.0
8248885.0
8299473.0
8301555.0
8301555.0
8299473.0
8300525.0
8299473.0
8302399.0
8303047.0
8299473.0
8299473.0
8348344.0
8349075.0
8347503.0
8349075.0
8349075.0
8350243.0
8349075.0
8350232.0
8349075.0
8350559.0
8395843.0
8397794.0
8397150.0
8397317.0
8397794.0
8395843.0
8395597.0
8397317.0
8396903.0
8393636.0
8442240.0
8442370.0
8442240.0
8444828.0
8441129.0
8442240.0
8441024.0
8442370.0
8442370.0
8440098.0
8483821.0
8484557.0
8482908.0
8483821.0
8484904.0
8484736.0
8484610.0
8486555.0
8483821.0
8484610.0
8528560.0
8526296.0
8526296.0
8528487.0
8528730.0
8526296.0
8528775.0
8528125.0
8528514.0
8527037.0
8571523.0
8570493.0
8570425.0
8570493.0
8570493.0
8568955.0
8568955.0
8569948.0
8570825.0
8570825.0
8609375.0
8610746.0
8609375.0
8610630.0
8612229.0
8610119.0
8610119.0
8610746.0
8610746.0
8610239.0
8648741.0
8651147.0
8651147.0
8651147.0
8651147.0
