0.127
0.141
0.127
0.126
0.141
0.133
0.12
0.149
0.141
0.142
0.089
0.089
0.089
0.096
0.099
0.134
0.14
0.147
0.15
0.107
0.089
0.089
0.089
0.089
0.091
0.089
0.089
0.089
0.089
0.14
0.14
0.13
0.137
0.149
0.146
0.139
0.146
0.089
0.12
0.111
0.145
0.089
0.108
0.137
0.111
0.129
0.147
0.104
0.148
0.136
0.089
0.089
0.089
0.089
0.093
0.096
0.102
0.157
0.157
0.148
0.116
0.146
0.146
0.131
0.144
0.148
0.156
0.16
0.121
0.12
0.11
0.141
0.139
0.147
0.177
0.181
0.186
0.186
0.184
0.184
0.184
0.193
0.19
0.194
0.193
0.196
0.198
0.2
0.204
0.198
0.196
0.2
0.194
0.193
0.191
0.194
0.196
0.194
0.194
0.201
0.201
0.201
0.201
0.214
0.217
0.214
0.23
0.235
0.245
0.246
0.246
0.247
0.248
0.25
0.252
0.253
0.253
0.254
0.254
0.254
0.255
0.258
0.258
0.261
0.267
0.27
0.272
0.269
0.269
0.27
0.272
0.269
0.275
0.273
0.274
0.278
0.278
0.276
0.274
0.277
0.279
0.281
0.278
0.28
0.283
0.28
0.282
0.289
0.292
0.291
0.29
0.292
0.295
0.295
0.296
0.298
0.296
0.297
0.296
0.296
0.294
0.295
0.299
0.302
0.296
0.295
0.297
0.298
0.298
0.306
0.302
0.305
0.299
0.301
0.301
0.302
0.306
0.307
0.304
0.305
0.307
0.305
0.306
0.306
0.307
0.313
0.312
0.313
0.313
0.314
0.317
0.319
0.318
0.325
0.324
0.324
0.326
0.331
0.331
0.328
0.333
0.332
0.333
0.334
0.333
0.339
0.341
0.34
0.338
0.346
0.343
0.346
0.345
0.346
0.348
0.347
0.352
0.353
0.358
0.361
0.362
0.359
0.358
0.359
0.359
0.36
0.362
0.362
0.366
0.363
0.365
0.362
0.366
0.366
0.368
0.377
0.37
0.369
0.372
0.367
0.373
0.37
0.378
0.375
0.373
0.379
0.374
0.38
0.377
0.39
0.382
0.387
0.387
0.385
0.385
0.381
0.386
0.387
0.388
0.384
0.387
0.383
0.386
0.391
0.392
0.392
0.393
0.401
0.4
0.392
0.391
0.394
0.392
0.394
0.397
0.4
0.395
0.396
0.402
0.403
0.401
0.402
0.406
0.408
0.406
0.406
0.404
0.415
0.401
0.407
0.407
0.411
0.404
0.409
0.409
0.408
0.406
0.41
0.409
0.409
0.413
0.41
0.412
0.408
0.415
0.406
0.415
0.413
0.416
0.414
0.412
0.408
0.413
0.41
0.405
0.416
0.414
0.413
0.412
0.412
0.416
0.417
0.411
0.413
0.411
0.407
0.409
0.406
0.411
0.405
0.407
0.412
0.415
0.411
0.414
0.416
0.412
0.411
0.417
0.411
0.418
0.414
0.42
0.412
0.414
0.425
0.416
0.407
0.412
0.418
0.421
0.425
0.424
0.419
0.424
0.414
0.415
0.43
0.424
0.421
0.419
0.42
0.425
0.416
0.416
0.418
0.413
0.42
0.422
0.419
0.436
0.423
0.426
0.427
0.44
0.43
0.415
0.42
0.424
0.421
0.428
0.421
0.418
0.42
0.412
0.42
0.422
0.427
0.412
0.41
0.422
0.433
0.419
0.434
0.423
0.415
0.418
0.424
0.422
0.427
0.429
0.425
0.423
0.426
0.416
0.435
0.428
0.421
0.424
0.421
0.425
0.423
0.431
0.426
0.424
0.424
0.427
0.439
0.424
0.431
0.439
0.432
0.44
0.423
0.432
0.424
0.435
0.423
0.428
0.42
0.427
0.431
0.43
0.444
0.426
0.429
0.433
0.436
0.422
0.423
0.434
0.426
0.425
0.429
0.427
0.426
0.434
0.415
0.423
0.428
0.434
0.429
0.432
0.432
0.429
0.434
0.429
0.434
0.421
0.43
0.431
0.426
0.433
0.436
0.419
0.416
0.427
0.425
0.423
0.427
0.426
0.436
0.419
0.418
0.415
0.42
0.433
0.423
0.434
0.426
0.427
0.43
0.424
0.434
0.43
0.427
0.424
0.433
0.433
0.422
0.43
0.432
0.445
0.426
0.43
0.427
0.434
0.425
0.428
0.429
0.431
0.425
0.424
0.427
0.427
0.42
0.427
0.435
0.429
0.418
0.434
0.438
0.429
0.424
0.413
0.421
0.421
0.427
0.434
0.42
0.435
0.424
0.425
0.425
0.426
0.423
0.421
0.432
0.42
0.429
0.435
0.432
0.432
0.418
0.431
0.436
0.437
0.429
0.432
0.413
0.439
0.424
0.437
0.426
0.43
0.438
0.434
0.441
0.414
0.433
0.432
0.432
0.439
0.433
0.433
0.437
0.426
0.423
0.427
0.426
0.428
0.424
0.439
0.415
0.423
0.43
0.424
0.413
0.435
0.427
0.44
0.436
0.428
0.423
0.422
0.432
0.421
0.425
0.426
0.418
0.432
0.427
0.429
0.433
0.431
0.432
0.417
0.429
0.422
0.428
0.427
0.429
0.432
0.425
0.419
0.434
0.436
0.427
0.429
0.443
0.43
0.432
0.445
0.424
0.432
0.431
0.432
0.422
0.426
0.443
0.437
0.441
0.431
0.421
0.423
0.434
0.433
0.431
0.429
0.422
0.43
0.427
0.428
0.427
0.442
0.425
0.422
0.432
0.423
0.429
0.425
0.427
0.428
0.439
0.419
0.425
0.417
0.424
0.424
0.433
0.424
0.427
0.418
0.415
0.419
0.44
0.428
0.426
0.42
0.434
0.427
0.438
0.422
0.43
0.433
0.431
0.425
0.435
0.429
0.427
0.431
0.431
0.424
0.428
0.437
0.432
0.435
0.433
0.44
0.434
0.429
0.431
0.431
0.434
0.435
0.433
0.429
0.42
0.422
0.417
0.434
0.435
0.437
0.443
0.431
0.421
0.42
0.432
0.433
0.436
0.429
0.42
0.42
0.426
0.43
0.428
0.434
0.436
0.433
0.424
0.441
0.437
0.429
0.448
0.433
0.425
0.425
0.424
0.427
0.434
0.442
0.43
0.439
0.426
0.436
0.427
0.428
0.431
0.428
0.424
0.445
0.438
0.432
0.43
0.436
0.434
0.421
0.427
0.437
0.44
0.431
0.435
0.436
0.426
0.422
0.426
0.422
0.44
0.423
0.425
0.435
0.436
0.432
0.429
0.422
0.432
0.43
0.429
0.42
0.443
0.435
0.433
0.439
0.428
0.436
0.425
0.424
0.428
0.427
0.435
0.429
0.443
0.432
0.436
0.435
0.426
0.418
0.423
0.436
0.433
0.434
0.43
0.435
0.434
0.436
0.436
0.433
0.425
0.445
0.445
0.443
0.438
0.427
0.436
0.443
0.433
0.438
0.434
0.44
0.429
0.432
0.434
0.432
0.427
0.435
0.435
0.429
0.429
0.432
0.431
0.433
0.439
0.426
0.431
0.444
0.442
0.436
0.438
0.431
0.438
0.434
0.437
0.422
0.429
0.431
0.421
0.434
0.443
0.445
0.429
0.434
0.44
0.438
0.432
0.441
0.436
0.432
0.435
0.428
0.428
0.428
0.44
0.443
0.428
0.432
0.431
0.438
0.441
0.44
0.432
0.43
0.435
0.433
0.435
0.437
0.441
0.436
0.439
0.439
0.429
0.429
0.448
0.451
0.442
0.433
0.426
0.429
0.444
0.441
0.438
0.448
0.452
0.438
0.43
0.434
0.426
0.446
0.443
0.429
0.43
0.436
0.443
0.434
0.445
0.445
0.432
0.425
0.436
0.44
0.434
0.437
0.441
0.435
0.441
0.433
0.438
0.437
0.419
0.431
0.426
0.43
0.434
0.436
0.44
0.437
0.431
0.431
0.438
0.43
0.434
0.435
0.44
0.436
0.434
0.43
0.427
0.414
0.429
0.443
0.435
0.437
0.435
0.446
0.447
0.428
0.436
0.454
0.437
0.438
0.435
0.44
0.43
0.427
0.44
0.43
0.435
0.44
0.437
0.438
0.444
0.433
0.442
0.436
0.435
0.451
0.425
0.438
0.445
0.443
0.438
0.433
0.443
0.437
0.443
0.438
0.434
0.433
0.448
0.434
0.443
0.438
0.446
0.433
0.449
0.435
0.426
0.424
0.443
0.445
0.428
0.444
0.445
0.448
0.443
0.444
0.451
0.437
0.448
0.441
0.446
0.447
0.444
0.439
0.442
0.454
0.439
0.44
0.449
0.435
0.435
0.44
0.452
0.446
0.435
0.429
0.432
0.431
0.428
0.445
0.435
0.445
0.447
0.437
0.438
0.445
0.436
0.431
0.433
0.432
0.421
