0.146
0.138
0.119
0.116
0.133
0.13
0.137
0.137
0.144
0.131
0.139
0.141
0.148
0.151
0.147
0.152
0.125
0.128
0.148
0.152
0.089
0.089
0.089
0.089
0.089
0.089
0.089
0.089
0.089
0.089
0.089
0.095
0.104
0.108
0.134
0.148
0.099
0.112
0.098
0.093
0.089
0.089
0.089
0.089
0.089
0.089
0.089
0.089
0.089
0.089
0.09
0.09
0.09
0.09
0.091
0.091
0.094
0.108
0.141
0.156
0.089
0.09
0.091
0.093
0.092
0.098
0.121
0.13
0.142
0.136
0.122
0.122
0.15
0.151
0.158
0.15
0.161
0.153
0.146
0.154
0.102
0.105
0.105
0.167
0.156
0.166
0.161
0.16
0.166
0.163
0.175
0.177
0.184
0.189
0.189
0.191
0.195
0.192
0.194
0.196
0.173
0.179
0.187
0.191
0.191
0.193
0.193
0.194
0.194
0.193
0.191
0.192
0.196
0.193
0.195
0.193
0.194
0.197
0.198
0.197
0.191
0.199
0.198
0.207
0.208
0.21
0.206
0.209
0.209
0.217
0.22
0.219
0.226
0.22
0.224
0.238
0.235
0.24
0.237
0.24
0.234
0.235
0.238
0.241
0.239
0.241
0.239
0.245
0.244
0.245
0.243
0.247
0.249
0.255
0.257
0.257
0.255
0.257
0.261
0.262
0.256
0.261
0.265
0.264
0.263
0.265
0.27
0.267
0.266
0.273
0.27
0.274
0.274
0.278
0.275
0.277
0.276
0.277
0.279
0.283
0.277
0.278
0.28
0.279
0.282
0.281
0.285
0.281
0.285
0.284
0.285
0.288
0.284
0.289
0.29
0.294
0.293
0.291
0.292
0.294
0.294
0.293
0.296
0.294
0.293
0.297
0.296
0.296
0.296
0.296
0.296
0.296
0.297
0.3
0.301
0.305
0.306
0.304
0.306
0.305
0.307
0.303
0.304
0.302
0.299
0.302
0.303
0.307
0.313
0.304
0.307
0.312
0.311
0.308
0.31
0.314
0.313
0.312
0.314
0.314
0.316
0.317
0.316
0.316
0.317
0.319
0.318
0.323
0.322
0.326
0.325
0.324
0.326
0.324
0.327
0.336
0.335
0.335
0.334
0.336
0.33
0.334
0.336
0.339
0.337
0.338
0.337
0.339
0.343
0.338
0.349
0.347
0.347
0.347
0.349
0.353
0.355
0.352
0.357
0.351
0.351
0.355
0.358
0.357
0.359
0.358
0.355
0.36
0.357
0.365
0.363
0.363
0.365
0.375
0.371
0.367
0.37
0.368
0.368
0.369
0.368
0.377
0.373
0.374
0.377
0.377
0.372
0.374
0.375
0.382
0.381
0.387
0.383
0.386
0.38
0.385
0.385
0.385
0.391
0.386
0.389
0.384
0.387
0.388
0.391
0.39
0.394
0.39
0.399
0.392
0.394
0.389
0.392
0.392
0.391
0.397
0.39
0.401
0.405
0.4
0.4
0.399
0.406
0.397
0.401
0.398
0.4
0.405
0.399
0.407
0.408
0.406
0.404
0.404
0.411
0.407
0.405
0.417
0.41
0.408
0.409
0.412
0.416
0.412
0.411
0.409
0.41
0.413
0.414
0.419
0.417
0.409
0.417
0.419
0.41
0.411
0.418
0.413
0.41
0.409
0.417
0.419
0.409
0.412
0.413
0.407
0.412
0.411
0.422
0.417
0.414
0.407
0.416
0.416
0.416
0.409
0.418
0.413
0.41
0.413
0.411
0.411
0.417
0.41
0.412
0.407
0.414
0.41
0.414
0.419
0.416
0.416
0.412
0.411
0.418
0.415
0.413
0.411
0.421
0.411
0.42
0.413
0.413
0.414
0.415
0.417
0.418
0.41
0.414
0.413
0.416
0.413
0.41
0.41
0.421
0.416
0.415
0.411
0.42
0.414
0.411
0.415
0.416
0.413
0.414
0.416
0.429
0.41
0.422
0.409
0.423
0.408
0.421
0.421
0.417
0.412
0.408
0.411
0.417
0.421
0.411
0.417
0.413
0.421
0.423
0.426
0.423
0.421
0.42
0.414
0.415
0.426
0.429
0.425
0.418
0.416
0.415
0.421
0.426
0.414
0.441
0.426
0.427
0.42
0.427
0.417
0.42
0.439
0.427
0.424
0.425
0.422
0.418
0.446
0.422
0.424
0.423
0.415
0.415
0.428
