0.155
0.127
0.137
0.135
0.121
0.132
0.12
0.127
0.137
0.135
0.139
0.134
0.124
0.146
0.148
0.139
0.149
0.1
0.125
0.147
0.15
0.147
0.141
0.114
0.114
0.105
0.12
0.124
0.146
0.126
0.089
0.089
0.089
0.089
0.089
0.089
0.089
0.089
0.089
0.089
0.089
0.089
0.089
0.089
0.089
0.089
0.089
0.089
0.089
0.106
0.102
0.128
0.139
0.14
0.158
0.158
0.166
0.153
0.158
0.156
0.089
0.089
0.089
0.089
0.089
0.089
0.093
0.089
0.09
0.109
0.142
0.142
0.147
0.143
0.118
0.133
0.156
0.137
0.143
0.162
0.162
0.155
0.167
0.172
0.175
0.17
0.171
0.168
0.173
0.171
0.16
0.162
0.139
0.133
0.154
0.164
0.171
0.179
0.176
0.186
0.185
0.19
0.19
0.199
0.207
0.207
0.211
0.21
0.209
0.204
0.201
0.207
0.204
0.204
0.199
0.203
0.204
0.201
0.2
0.199
0.222
0.225
0.231
0.226
0.224
0.221
0.222
0.224
0.225
0.222
0.227
0.219
0.227
0.226
0.226
0.224
0.223
0.23
0.227
0.23
0.24
0.242
0.244
0.246
0.243
0.246
0.249
0.25
0.252
0.251
0.244
0.245
0.245
0.247
0.246
0.246
0.244
0.245
0.247
0.246
0.248
0.248
0.253
0.258
0.258
0.263
0.259
0.259
0.264
0.268
0.266
0.266
0.263
0.265
0.269
0.269
0.269
0.27
0.268
0.272
0.269
0.268
0.273
0.27
0.275
0.274
0.273
0.277
0.28
0.276
0.276
0.284
0.281
0.283
0.282
0.282
0.285
0.284
0.287
0.289
0.291
0.29
0.291
0.291
0.293
0.291
0.296
0.296
0.297
0.296
0.296
0.297
0.295
0.296
0.297
0.298
0.298
0.3
0.299
0.3
0.3
0.3
0.298
0.3
0.304
0.303
0.301
0.302
0.302
0.295
0.302
0.301
0.302
0.304
0.302
0.302
0.307
0.306
0.303
0.307
0.302
0.304
0.306
0.307
0.31
0.305
0.304
0.304
0.309
0.309
0.313
0.309
0.308
0.308
0.309
0.315
0.314
0.317
0.316
0.317
0.32
0.323
0.322
0.318
0.322
0.319
0.324
0.323
0.326
0.325
0.319
0.324
0.322
0.323
0.323
0.324
0.325
0.329
0.329
0.328
0.331
0.332
0.333
0.337
0.332
0.336
0.343
0.339
0.34
0.342
0.35
0.349
0.342
0.352
0.35
0.347
0.351
0.356
0.356
0.355
0.353
0.356
0.346
0.35
0.348
0.358
0.356
0.358
0.358
0.361
0.361
0.365
0.36
0.363
0.366
0.366
0.364
0.368
0.371
0.371
0.365
0.365
0.368
0.368
0.378
0.373
0.383
0.374
0.375
0.375
0.374
0.375
0.377
0.378
0.381
0.381
0.376
0.377
0.377
0.378
0.377
0.379
0.384
0.377
0.384
0.384
0.388
0.383
0.385
0.384
0.386
0.388
0.393
0.393
0.388
0.394
0.386
0.397
0.394
0.39
0.396
0.394
0.392
0.395
0.399
0.391
0.392
0.395
0.393
0.4
0.398
0.395
0.397
0.397
0.405
0.398
0.4
0.403
0.398
0.402
0.403
0.402
0.401
0.405
0.411
0.404
0.405
0.399
0.4
0.412
0.404
0.406
0.408
0.411
0.411
0.405
0.409
0.408
0.409
0.416
0.417
0.416
0.415
0.411
0.418
0.41
0.413
0.43
0.415
0.413
0.417
0.41
0.425
0.414
0.416
0.414
0.414
0.409
0.421
0.42
0.419
0.419
0.422
0.414
0.417
0.417
0.416
0.41
0.426
0.418
0.414
0.427
0.415
0.421
0.416
0.421
0.415
0.418
0.416
0.421
0.41
0.411
0.418
0.416
0.416
0.417
0.414
0.41
0.413
0.419
0.419
0.413
0.416
0.415
0.412
0.413
0.416
0.429
0.412
0.414
0.413
0.411
0.417
0.409
0.413
0.417
0.415
0.42
0.415
0.415
0.422
0.417
0.415
0.411
0.409
0.417
0.414
0.421
0.423
0.423
0.417
0.42
0.415
0.418
0.422
0.428
0.428
0.42
0.416
0.425
0.417
0.423
0.417
0.425
0.422
0.423
0.41
0.427
0.411
0.424
