0.123
0.13
0.132
0.139
0.127
0.127
0.145
0.129
0.142
0.125
0.143
0.117
0.15
0.147
0.151
0.153
0.141
0.15
0.149
0.151
0.14
0.106
0.149
0.149
0.15
0.148
0.151
0.144
0.151
0.144
0.15
0.145
0.145
0.151
0.147
0.149
0.15
0.152
0.152
0.156
0.155
0.156
0.159
0.158
0.159
0.158
0.154
0.16
0.163
0.165
0.089
0.089
0.089
0.089
0.089
0.089
0.089
0.089
0.089
0.089
0.089
0.125
0.093
0.091
0.091
0.099
0.106
0.134
0.128
0.139
0.146
0.135
0.125
0.122
0.148
0.116
0.144
0.14
0.149
0.135
0.124
0.147
0.139
0.138
0.156
0.167
0.171
0.171
0.173
0.176
0.18
0.176
0.177
0.176
0.177
0.188
0.187
0.191
0.197
0.198
0.153
0.118
0.142
0.159
0.15
0.162
0.16
0.176
0.179
0.18
0.179
0.183
0.181
0.184
0.188
0.186
0.189
0.195
0.196
0.199
0.205
0.198
0.198
0.202
0.206
0.206
0.193
0.205
0.192
0.2
0.201
0.201
0.204
0.202
0.207
0.212
0.213
0.207
0.211
0.21
0.204
0.209
0.208
0.215
0.214
0.221
0.226
0.222
0.227
0.226
0.2
0.206
0.202
0.211
0.212
0.207
0.208
0.202
0.21
0.214
0.215
0.22
0.22
0.225
0.234
0.225
0.234
0.236
0.247
0.247
0.246
0.244
0.244
0.246
0.245
0.248
0.245
0.247
0.249
0.253
0.251
0.254
0.253
0.254
0.256
0.257
0.262
0.262
0.261
0.264
0.262
0.265
0.268
0.266
0.269
0.271
0.271
0.272
0.277
0.278
0.26
0.263
0.265
0.259
0.263
0.266
0.266
0.268
0.269
0.267
0.268
0.267
0.269
0.276
0.277
0.278
0.277
0.273
0.279
0.276
0.28
0.284
0.285
0.286
0.285
0.284
0.283
0.284
0.285
0.285
0.287
0.286
0.288
0.29
0.293
0.29
0.293
0.291
0.292
0.3
0.296
0.297
0.296
0.296
0.297
0.297
0.296
0.3
0.303
0.301
0.289
0.295
0.294
0.294
0.296
0.295
0.291
0.295
0.294
0.297
0.297
0.299
0.297
0.298
0.301
0.3
0.298
0.298
0.299
0.3
0.304
0.308
0.301
0.303
0.299
0.301
0.3
0.303
0.301
0.302
0.3
0.303
0.304
0.306
0.302
0.303
0.305
0.306
0.305
0.306
0.308
0.31
0.306
0.311
0.313
0.311
0.316
0.314
0.31
0.315
0.31
0.306
0.312
0.308
0.31
0.318
0.317
0.314
0.316
0.316
0.315
0.316
0.318
0.317
0.322
0.323
0.326
0.323
0.325
0.323
0.326
0.322
0.325
0.331
0.333
0.33
0.325
0.331
0.332
0.334
0.332
0.334
0.338
0.343
0.339
0.338
0.339
0.341
0.341
0.344
0.344
0.342
0.347
0.349
0.346
0.346
0.348
0.35
0.351
0.353
0.347
0.345
0.348
0.352
0.35
0.35
0.35
0.355
0.352
0.356
0.355
0.355
0.358
0.362
0.355
0.357
0.357
0.363
0.36
0.359
0.36
0.368
0.363
0.368
0.36
0.368
0.37
0.371
0.372
0.376
0.376
0.369
0.376
0.373
0.373
0.379
0.376
0.372
0.377
0.38
0.376
0.383
0.384
0.381
0.379
0.376
0.38
0.379
0.375
0.383
0.388
0.382
0.39
0.378
0.381
0.381
0.389
0.387
0.382
0.384
0.384
0.388
0.39
0.384
0.384
0.387
0.388
0.387
0.388
0.384
0.388
0.389
0.391
0.392
0.39
0.395
0.395
0.392
0.393
0.398
0.393
0.398
0.397
0.397
0.399
0.394
0.403
0.398
0.402
0.401
0.4
0.405
0.408
0.402
0.405
0.402
0.408
0.407
0.408
0.401
0.409
0.405
0.41
0.41
0.41
0.408
0.405
0.409
0.41
0.407
0.407
0.406
0.413
0.409
0.413
0.413
0.414
0.411
0.413
0.413
0.413
0.413
0.417
0.409
0.414
0.414
0.416
0.419
0.422
0.419
0.426
0.417
0.425
0.419
0.421
0.421
0.425
0.419
0.417
0.421
0.423
0.417
0.415
0.419
0.422
0.425
0.427
0.42
0.425
0.422
