2.560000002384185680e-01
2.560000017285347096e-01
3.120000004768371804e-01
3.190000012516975292e-01
3.579999983310699352e-01
3.460000038146972545e-01
3.449999988079071045e-01
3.579999983310699352e-01
3.539999991655349842e-01
3.550000011920929066e-01
3.829999983310699574e-01
3.829999953508377297e-01
3.690000027418136597e-01
3.590000003576278576e-01
3.860000014305114968e-01
3.799999982118606456e-01
3.680000007152557373e-01
3.730000019073486106e-01
3.719999998807906882e-01
3.610000014305114746e-01
3.759999990463256947e-01
3.770000040531158447e-01
3.730000019073486106e-01
3.919999986886978371e-01
3.630000025033950917e-01
3.779999971389770286e-01
3.620000064373016246e-01
3.710000008344650491e-01
3.899999976158142201e-01
3.689999997615814320e-01
3.600000023841857799e-01
3.829999983310699574e-01
3.769999980926513894e-01
3.949999958276748657e-01
3.659999996423721202e-01
3.790000021457672341e-01
3.890000015497207531e-01
3.759999990463256947e-01
3.650000035762787087e-01
3.890000015497207531e-01
3.809999972581863403e-01
3.590000003576278576e-01
3.650000005960464255e-01
3.900000035762786754e-01
3.780000001192093118e-01
3.740000009536743053e-01
4.109999984502792358e-01
3.860000014305114968e-01
3.769999951124191062e-01
3.979999989271164051e-01
3.839999943971633689e-01
3.989999979734420998e-01
3.899999976158142201e-01
4.040000021457672008e-01
3.889999985694885254e-01
4.049999952316284402e-01
4.160000026226043923e-01
4.010000020265579446e-01
4.039999932050705178e-01
3.989999979734420998e-01
3.879999965429306030e-01
3.950000017881393211e-01
3.819999992847442627e-01
3.959999978542327881e-01
3.969999969005584828e-01
3.890000045299529807e-01
3.959999978542327881e-01
3.979999959468841775e-01
3.740000039339065330e-01
3.819999992847442627e-01
3.829999953508377297e-01
3.869999974966049083e-01
3.820000022649764904e-01
3.859999954700469860e-01
3.840000003576278798e-01
3.939999967813491710e-01
3.740000009536743053e-01
3.699999958276748435e-01
3.930000007152557595e-01
3.839999973773956521e-01
3.780000001192093118e-01
3.919999986886978371e-01
3.730000019073486106e-01
3.670000016689300426e-01
3.919999986886978371e-01
3.859999984502792136e-01
3.900000005960464478e-01
3.879999995231628307e-01
3.949999988079070934e-01
3.900000035762786754e-01
3.860000014305114968e-01
4.010000020265579446e-01
3.909999996423721424e-01
4.000000000000000222e-01
3.929999962449073903e-01
3.760000020265579224e-01
4.039999961853027455e-01
4.039999961853027455e-01
4.129999935626983421e-01
3.749999970197677723e-01
3.759999990463256947e-01
3.860000014305114968e-01
3.839999973773956521e-01
3.940000057220459095e-01
3.919999986886978371e-01
3.919999986886978371e-01
3.810000002384185680e-01
3.559999987483024597e-01
3.920000016689300648e-01
3.679999947547912820e-01
3.930000007152557595e-01
3.859999984502792136e-01
3.670000016689300426e-01
3.769999951124191062e-01
3.960000008344650158e-01
3.919999957084655540e-01
3.790000021457672341e-01
3.889999985694885254e-01
3.889999955892562977e-01
3.899999946355819924e-01
3.869999974966049083e-01
3.780000001192093118e-01
3.920000016689300648e-01
3.839999973773956521e-01
3.890000015497207531e-01
3.829999983310699574e-01
3.870000004768371360e-01
3.829999983310699574e-01
3.900000005960464478e-01
3.650000035762787087e-01
3.979999989271164051e-01
3.959999978542327881e-01
4.019999980926513561e-01
3.879999965429306030e-01
3.919999957084655540e-01
3.979999959468841775e-01
4.069999963045120017e-01
3.859999984502792136e-01
3.999999970197677390e-01
4.019999951124191284e-01
4.159999966621398815e-01
4.030000001192092784e-01
3.710000038146972767e-01
4.099999964237213135e-01
3.979999959468841775e-01
3.889999985694885254e-01
4.079999953508376964e-01
3.949999958276748657e-01
4.009999990463256614e-01
4.129999965429306252e-01
3.849999994039535745e-01
3.810000002384185680e-01
4.000000000000000222e-01
4.249999970197677612e-01
3.990000009536743275e-01
4.020000010728835838e-01
4.109999984502792358e-01
4.019999980926513561e-01
3.890000045299529807e-01
4.129999965429306252e-01
3.799999967217445596e-01
3.890000015497207531e-01
4.169999986886978038e-01
3.949999988079070934e-01
4.129999995231628529e-01
4.150000005960464700e-01
3.989999949932098167e-01
4.069999992847442849e-01
4.089999973773956188e-01
3.900000005960464478e-01
4.039999961853027455e-01
4.229999959468841442e-01
4.029999971389770508e-01
4.030000030994415061e-01
3.999999940395355114e-01
3.889999985694885254e-01
4.080000013113022073e-01
3.849999964237212913e-01
3.959999978542327881e-01
3.939999967813491710e-01
3.929999977350234763e-01
3.889999955892562977e-01
3.879999995231628307e-01
3.909999936819076316e-01
3.949999928474426381e-01
3.909999907016754039e-01
3.969999969005584828e-01
3.939999938011169434e-01
4.059999972581863625e-01
3.969999998807907104e-01
3.929999947547912487e-01
3.920000016689300648e-01
3.940000027418136819e-01
3.850000023841858021e-01
3.939999967813491710e-01
3.909999996423721424e-01
3.949999988079070934e-01
3.909999996423721424e-01
4.089999973773956188e-01
3.989999949932098167e-01
4.030000001192092784e-01
4.069999963045120017e-01
3.849999964237212913e-01
3.820000037550926320e-01
3.839999973773956521e-01
3.819999963045120350e-01
3.979999929666518943e-01
3.800000011920928733e-01
3.919999986886978371e-01
3.929999947547912487e-01
3.819999992847442627e-01
3.839999973773956521e-01
3.930000007152557595e-01
3.929999977350234763e-01
4.119999974966049305e-01
3.839999973773956521e-01
3.939999997615813987e-01
3.949999988079070934e-01
3.950000017881393211e-01
3.789999991655349509e-01
3.840000003576278798e-01
3.750000000000000000e-01
3.869999945163726807e-01
3.729999989271163829e-01
3.819999992847442627e-01
3.939999997615813987e-01
3.869999974966049083e-01
3.949999928474426381e-01
3.819999992847442627e-01
3.940000027418136819e-01
4.009999990463256614e-01
3.739999964833259360e-01
3.909999966621399148e-01
3.919999957084655540e-01
3.919999986886978371e-01
3.919999957084655540e-01
3.889999955892562977e-01
3.900000035762786754e-01
4.060000002384185902e-01
3.909999996423721424e-01
3.869999989867210499e-01
3.899999976158142201e-01
3.879999965429306030e-01
3.849999934434890636e-01
3.839999943971633689e-01
3.949999958276748657e-01
3.729999989271163829e-01
3.800000041723251565e-01
3.730000019073486106e-01
3.840000003576278798e-01
3.880000025033950584e-01
3.830000013113021851e-01
3.850000008940696605e-01
3.860000014305114968e-01
3.889999955892562977e-01
3.869999974966049083e-01
4.019999951124191284e-01
3.889999985694885254e-01
3.769999980926513894e-01
3.889999955892562977e-01
3.979999959468841775e-01
3.939999967813491710e-01
3.920000016689300648e-01
3.699999988079071267e-01
3.880000054836273415e-01
3.859999984502792136e-01
3.750000029802322277e-01
3.860000044107437245e-01
3.909999966621399148e-01
3.860000044107437245e-01
3.909999996423721424e-01
3.850000083446502575e-01
3.889999985694885254e-01
3.949999958276748657e-01
3.940000027418136819e-01
3.989999949932098167e-01
3.969999998807907104e-01
3.929999977350234763e-01
4.139999985694885476e-01
3.930000036954879872e-01
3.930000007152557595e-01
3.900000005960464478e-01
4.040000021457672008e-01
3.989999979734420998e-01
3.919999986886978371e-01
4.019999980926513561e-01
3.979999989271164051e-01
3.930000036954879872e-01
3.899999946355819924e-01
3.930000007152557595e-01
3.989999979734420998e-01
4.079999983310699241e-01
3.780000001192093118e-01
3.810000002384185680e-01
4.019999980926513561e-01
4.030000001192092784e-01
4.099999934434890858e-01
3.829999983310699574e-01
4.069999963045120017e-01
4.000000000000000222e-01
4.029999971389770508e-01
3.939999967813491710e-01
3.939999923110008018e-01
3.960000008344650158e-01
3.919999986886978371e-01
3.939999997615813987e-01
4.030000001192092784e-01
3.990000039339065552e-01
3.919999927282333263e-01
4.069999933242797741e-01
4.020000010728835838e-01
3.870000019669532776e-01
3.929999977350234763e-01
4.289999991655349953e-01
3.909999951720237732e-01
4.099999994039535411e-01
4.019999980926513561e-01
4.069999933242797741e-01
4.099999934434890858e-01
4.030000001192092784e-01
4.049999952316284402e-01
3.960000008344650158e-01
3.939999997615813987e-01
4.009999990463256614e-01
3.860000014305114968e-01
3.890000075101852639e-01
3.889999955892562977e-01
3.790000021457672341e-01
3.950000017881393211e-01
3.789999991655349509e-01
3.780000001192093118e-01
3.780000001192093118e-01
3.939999967813491710e-01
3.879999965429306030e-01
3.869999974966049083e-01
3.830000013113021851e-01
3.909999966621399148e-01
3.859999984502792136e-01
3.949999958276748657e-01
3.890000015497207531e-01
3.810000002384185680e-01
3.949999988079070934e-01
3.939999997615813987e-01
3.930000007152557595e-01
3.819999963045120350e-01
3.859999954700469860e-01
3.810000002384185680e-01
3.919999986886978371e-01
3.849999964237212913e-01
3.829999983310699574e-01
3.750000014901161416e-01
3.790000021457672341e-01
3.840000033378601074e-01
3.840000003576278798e-01
3.890000015497207531e-01
4.049999952316284402e-01
3.930000007152557595e-01
3.830000013113021851e-01
3.770000040531158447e-01
3.750000000000000000e-01
3.879999995231628307e-01
3.880000025033950584e-01
3.800000041723251565e-01
3.899999976158142201e-01
3.760000020265579224e-01
3.859999984502792136e-01
3.879999965429306030e-01
3.839999973773956521e-01
3.680000036954879650e-01
3.890000015497207531e-01
3.769999980926513894e-01
3.920000016689300648e-01
3.839999973773956521e-01
3.749999970197677723e-01
3.979999989271164051e-01
3.889999955892562977e-01
3.950000017881393211e-01
3.740000039339065330e-01
3.759999960660934670e-01
3.840000003576278798e-01
3.889999955892562977e-01
3.879999905824661477e-01
3.909999996423721424e-01
3.889999985694885254e-01
3.969999969005584828e-01
3.839999914169311412e-01
3.770000040531158447e-01
3.789999991655349509e-01
3.800000011920928733e-01
3.870000004768371360e-01
3.960000008344650158e-01
3.979999959468841775e-01
3.960000038146972434e-01
3.939999967813491710e-01
3.939999997615813987e-01
3.939999997615813987e-01
3.909999966621399148e-01
3.780000030994415394e-01
3.810000002384185680e-01
3.829999983310699574e-01
3.950000017881393211e-01
3.859999984502792136e-01
3.859999954700469860e-01
3.819999992847442627e-01
3.899999976158142201e-01
3.909999996423721424e-01
3.909999996423721424e-01
3.969999998807907104e-01
4.000000000000000222e-01
3.939999997615813987e-01
3.969999998807907104e-01
3.960000008344650158e-01
3.859999984502792136e-01
4.020000010728835838e-01
3.910000026226043701e-01
3.900000035762786754e-01
3.879999995231628307e-01
3.880000025033950584e-01
3.919999986886978371e-01
3.960000008344650158e-01
4.029999971389770508e-01
4.049999982118606678e-01
4.089999973773956188e-01
4.109999954700470082e-01
4.069999992847442849e-01
4.070000022649765126e-01
4.189999967813491932e-01
4.010000020265579446e-01
3.849999994039535745e-01
4.140000015497207753e-01
3.979999959468841775e-01
3.900000005960464478e-01
3.780000001192093118e-01
3.849999904632568359e-01
3.729999989271163829e-01
3.819999992847442627e-01
3.870000004768371360e-01
3.899999976158142201e-01
3.940000027418136819e-01
3.819999992847442627e-01
3.760000050067901500e-01
3.759999960660934670e-01
4.060000032186508179e-01
3.979999989271164051e-01
3.939999967813491710e-01
3.860000014305114968e-01
3.840000003576278798e-01
3.879999995231628307e-01
3.999999970197677390e-01
3.849999994039535745e-01
3.969999998807907104e-01
3.819999992847442627e-01
3.770000010728836171e-01
3.910000026226043701e-01
3.939999967813491710e-01
3.860000014305114968e-01
4.050000011920928955e-01
4.049999982118606678e-01
3.990000009536743275e-01
4.069999992847442849e-01
4.029999941587448231e-01
3.940000027418136819e-01
3.930000007152557595e-01
3.889999985694885254e-01
4.010000020265579446e-01
3.950000017881393211e-01
3.969999969005584828e-01
3.900000020861625893e-01
3.870000034570694192e-01
4.050000041723251232e-01
4.149999946355819591e-01
4.019999980926513561e-01
3.859999984502792136e-01
3.949999988079070934e-01
3.969999969005584828e-01
4.029999971389770508e-01
4.039999961853027455e-01
3.970000028610229381e-01
3.889999985694885254e-01
4.000000029802322499e-01
3.959999978542327881e-01
3.980000019073486328e-01
4.069999963045120017e-01
4.049999982118606678e-01
3.969999998807907104e-01
4.079999983310699241e-01
4.019999980926513561e-01
4.010000020265579446e-01
4.030000001192092784e-01
4.059999912977218517e-01
4.019999951124191284e-01
3.990000039339065552e-01
3.950000047683716042e-01
3.950000002980232350e-01
3.729999944567680137e-01
3.930000007152557595e-01
4.019999966025352700e-01
4.009999990463256614e-01
4.039999991655349731e-01
3.939999997615813987e-01
3.870000034570694192e-01
3.829999983310699574e-01
3.870000004768371360e-01
3.889999985694885254e-01
3.859999954700469860e-01
3.929999947547912487e-01
3.969999998807907104e-01
3.879999965429306030e-01
3.829999983310699574e-01
4.029999971389770508e-01
3.890000015497207531e-01
3.670000016689300426e-01
3.780000001192093118e-01
3.899999961256980785e-01
3.899999976158142201e-01
3.909999907016754039e-01
3.900000035762786754e-01
3.809999972581863403e-01
3.919999957084655540e-01
3.999999940395355114e-01
3.810000002384185680e-01
3.860000014305114968e-01
3.779999971389770286e-01
3.809999987483024819e-01
3.959999978542327881e-01
3.769999980926513894e-01
3.790000021457672341e-01
3.899999991059303062e-01
3.899999961256980785e-01
3.870000004768371360e-01
3.830000013113021851e-01
3.950000002980232350e-01
3.959999948740005604e-01
4.139999955892562644e-01
3.979999989271164051e-01
3.959999978542327881e-01
3.790000021457672341e-01
3.809999972581863403e-01
3.879999935626983754e-01
3.770000010728836171e-01
3.870000034570694192e-01
3.740000009536743053e-01
3.710000023245811351e-01
3.739999979734420776e-01
3.629999995231628640e-01
3.690000027418136597e-01
3.820000052452087180e-01
3.799999982118606456e-01
3.769999966025352478e-01
3.849999994039535745e-01
3.960000008344650158e-01
4.039999961853027455e-01
3.960000008344650158e-01
3.929999947547912487e-01
3.889999985694885254e-01
3.959999978542327881e-01
3.949999988079070934e-01
3.949999988079070934e-01
4.049999982118606678e-01
3.910000026226043701e-01
3.920000046491622925e-01
3.940000057220459095e-01
3.839999973773956521e-01
3.870000034570694192e-01
3.919999986886978371e-01
3.969999998807907104e-01
3.950000017881393211e-01
3.990000009536743275e-01
3.999999970197677390e-01
3.869999974966049083e-01
3.890000015497207531e-01
3.810000032186507957e-01
3.769999980926513894e-01
3.870000004768371360e-01
3.859999984502792136e-01
3.879999965429306030e-01
3.879999965429306030e-01
3.839999973773956521e-01
3.810000017285347096e-01
3.769999980926513894e-01
3.880000025033950584e-01
3.920000016689300648e-01
3.949999988079070934e-01
3.799999982118606456e-01
3.990000009536743275e-01
3.890000015497207531e-01
3.869999945163726807e-01
3.760000020265579224e-01
3.929999947547912487e-01
3.909999966621399148e-01
3.919999986886978371e-01
3.920000016689300648e-01
3.829999983310699574e-01
3.859999984502792136e-01
3.869999974966049083e-01
3.849999994039535745e-01
3.919999986886978371e-01
3.790000006556510925e-01
3.789999961853027233e-01
3.939999997615813987e-01
3.850000023841858021e-01
3.800000011920928733e-01
3.849999994039535745e-01
3.750000029802322277e-01
3.819999992847442627e-01
3.820000022649764904e-01
3.810000002384185680e-01
3.799999922513961903e-01
3.799999982118606456e-01
3.860000014305114968e-01
3.919999986886978371e-01
3.870000004768371360e-01
4.000000000000000222e-01
4.129999995231628529e-01
3.929999977350234763e-01
3.909999966621399148e-01
3.939999938011169434e-01
3.850000023841858021e-01
3.939999967813491710e-01
3.869999974966049083e-01
3.839999973773956521e-01
3.850000023841858021e-01
3.949999958276748657e-01
3.810000002384185680e-01
3.799999922513961903e-01
3.860000014305114968e-01
3.959999948740005604e-01
3.900000005960464478e-01
3.849999994039535745e-01
3.919999957084655540e-01
3.979999959468841775e-01
3.960000008344650158e-01
3.929999917745590210e-01
3.789999991655349509e-01
3.840000003576278798e-01
3.810000002384185680e-01
3.969999983906745689e-01
4.140000015497207753e-01
4.009999930858612061e-01
4.020000010728835838e-01
3.929999977350234763e-01
3.909999966621399148e-01
3.930000036954879872e-01
3.959999978542327881e-01
3.950000017881393211e-01
4.099999904632568581e-01
4.009999960660934337e-01
3.889999985694885254e-01
3.840000003576278798e-01
3.889999985694885254e-01
3.759999990463256947e-01
3.879999935626983754e-01
3.959999978542327881e-01
3.990000009536743275e-01
3.929999977350234763e-01
3.979999989271164051e-01
3.960000038146972434e-01
3.969999969005584828e-01
4.099999964237213135e-01
4.009999990463256614e-01
4.009999960660934337e-01
4.009999960660934337e-01
3.939999967813491710e-01
3.869999974966049083e-01
3.809999972581863403e-01
3.880000025033950584e-01
3.879999965429306030e-01
3.929999977350234763e-01
3.809999972581863403e-01
3.999999970197677390e-01
4.019999995827674977e-01
3.810000002384185680e-01
3.909999936819076316e-01
3.939999997615813987e-01
3.979999959468841775e-01
3.999999970197677390e-01
4.039999961853027455e-01
3.919999986886978371e-01
3.979999989271164051e-01
3.979999989271164051e-01
3.909999996423721424e-01
3.969999998807907104e-01
3.860000014305114968e-01
3.859999924898147583e-01
3.990000009536743275e-01
3.939999997615813987e-01
3.929999977350234763e-01
3.850000023841858021e-01
3.919999927282333263e-01
3.919999986886978371e-01
4.019999980926513561e-01
4.110000014305114635e-01
4.019999951124191284e-01
3.919999957084655540e-01
3.989999979734420998e-01
3.909999966621399148e-01
4.009999990463256614e-01
3.879999935626983754e-01
4.009999990463256614e-01
4.139999955892562644e-01
3.929999947547912487e-01
3.960000038146972434e-01
3.949999988079070934e-01
3.939999997615813987e-01
3.880000025033950584e-01
3.840000003576278798e-01
3.829999983310699574e-01
3.790000021457672341e-01
3.879999980330467446e-01
3.839999958872795105e-01
3.810000032186507957e-01
3.810000002384185680e-01
3.830000013113021851e-01
3.849999964237212913e-01
3.899999976158142201e-01
4.120000034570693859e-01
3.919999927282333263e-01
3.969999939203262551e-01
3.939999997615813987e-01
3.979999959468841775e-01
4.039999961853027455e-01
3.950000017881393211e-01
3.949999988079070934e-01
4.000000000000000222e-01
3.989999994635581859e-01
3.879999980330467446e-01
4.009999960660934337e-01
3.969999998807907104e-01
3.980000019073486328e-01
3.969999998807907104e-01
3.959999978542327881e-01
4.010000020265579446e-01
3.849999994039535745e-01
3.890000015497207531e-01
3.960000038146972434e-01
3.919999957084655540e-01
3.909999981522560009e-01
4.050000011920928955e-01
4.030000030994415061e-01
3.989999949932098167e-01
4.049999952316284402e-01
4.159999966621398815e-01
4.070000022649765126e-01
4.039999961853027455e-01
3.990000039339065552e-01
3.990000039339065552e-01
3.970000028610229381e-01
3.979999959468841775e-01
3.900000005960464478e-01
3.900000005960464478e-01
4.009999990463256614e-01
3.949999988079070934e-01
3.930000007152557595e-01
3.800000011920928733e-01
3.900000005960464478e-01
3.870000004768371360e-01
3.940000027418136819e-01
4.079999953508376964e-01
4.049999952316284402e-01
3.999999970197677390e-01
3.939999967813491710e-01
3.930000007152557595e-01
3.880000025033950584e-01
4.039999991655349731e-01
4.020000010728835838e-01
3.859999999403953552e-01
3.700000017881393544e-01
3.819999963045120350e-01
3.859999984502792136e-01
3.940000027418136819e-01
3.920000016689300648e-01
3.819999963045120350e-01
3.949999988079070934e-01
4.100000023841857688e-01
4.029999971389770508e-01
3.900000005960464478e-01
4.009999960660934337e-01
3.979999959468841775e-01
3.960000008344650158e-01
3.879999995231628307e-01
3.909999996423721424e-01
3.910000026226043701e-01
4.009999960660934337e-01
4.120000004768371582e-01
4.100000023841857688e-01
3.879999965429306030e-01
3.939999967813491710e-01
4.050000011920928955e-01
3.939999997615813987e-01
3.869999915361404530e-01
4.039999991655349731e-01
3.950000047683716042e-01
3.959999978542327881e-01
3.980000019073486328e-01
3.839999943971633689e-01
3.819999992847442627e-01
3.840000033378601074e-01
3.839999973773956521e-01
3.800000011920928733e-01
3.829999983310699574e-01
3.919999927282333263e-01
3.860000014305114968e-01
3.930000007152557595e-01
3.949999958276748657e-01
3.949999988079070934e-01
3.899999976158142201e-01
3.900000005960464478e-01
3.909999996423721424e-01
3.909999996423721424e-01
3.959999948740005604e-01
3.989999979734420998e-01
3.860000014305114968e-01
3.899999976158142201e-01
3.909999966621399148e-01
3.940000057220459095e-01
3.959999978542327881e-01
4.000000000000000222e-01
3.900000035762786754e-01
3.870000034570694192e-01
3.859999954700469860e-01
3.869999974966049083e-01
4.020000010728835838e-01
3.979999959468841775e-01
3.900000005960464478e-01
3.930000007152557595e-01
3.909999966621399148e-01
3.979999959468841775e-01
3.950000017881393211e-01
3.860000014305114968e-01
3.820000052452087180e-01
3.939999997615813987e-01
3.889999985694885254e-01
3.890000015497207531e-01
3.820000022649764904e-01
3.850000023841858021e-01
3.930000007152557595e-01
3.909999966621399148e-01
3.960000008344650158e-01
4.029999941587448231e-01
4.030000001192092784e-01
4.039999991655349731e-01
3.999999970197677390e-01
3.859999984502792136e-01
3.840000003576278798e-01
3.850000023841858021e-01
3.909999996423721424e-01
3.900000005960464478e-01
3.899999976158142201e-01
3.829999983310699574e-01
3.849999994039535745e-01
3.949999958276748657e-01
3.879999995231628307e-01
3.879999965429306030e-01
3.959999978542327881e-01
3.989999949932098167e-01
3.890000015497207531e-01
3.789999991655349509e-01
3.709999948740005382e-01
3.810000032186507957e-01
3.989999979734420998e-01
3.949999958276748657e-01
3.849999964237212913e-01
3.939999967813491710e-01
3.959999978542327881e-01
3.909999966621399148e-01
3.899999976158142201e-01
4.039999991655349731e-01
3.930000007152557595e-01
3.900000005960464478e-01
3.849999994039535745e-01
3.849999994039535745e-01
3.840000003576278798e-01
3.990000009536743275e-01
3.999999940395355114e-01
3.919999986886978371e-01
3.890000015497207531e-01
3.909999966621399148e-01
3.819999963045120350e-01
3.750000000000000000e-01
3.819999992847442627e-01
3.789999961853027233e-01
4.009999990463256614e-01
4.149999976158141868e-01
3.999999970197677390e-01
3.930000007152557595e-01
3.850000023841858021e-01
3.930000007152557595e-01
3.949999988079070934e-01
3.969999998807907104e-01
3.930000007152557595e-01
3.879999965429306030e-01
3.900000005960464478e-01
3.909999966621399148e-01
3.899999976158142201e-01
3.939999997615813987e-01
4.000000000000000222e-01
3.879999995231628307e-01
3.840000003576278798e-01
3.869999945163726807e-01
3.860000014305114968e-01
4.000000000000000222e-01
3.939999938011169434e-01
4.019999980926513561e-01
3.890000015497207531e-01
3.879999995231628307e-01
3.900000005960464478e-01
3.949999988079070934e-01
3.830000042915344127e-01
3.910000026226043701e-01
3.860000014305114968e-01
3.920000046491622925e-01
3.799999982118606456e-01
3.960000038146972434e-01
3.879999965429306030e-01
3.930000007152557595e-01
3.889999985694885254e-01
3.889999985694885254e-01
3.889999985694885254e-01
3.909999996423721424e-01
3.849999964237212913e-01
3.810000002384185680e-01
3.890000015497207531e-01
4.019999980926513561e-01
4.069999963045120017e-01
4.049999982118606678e-01
4.059999972581863625e-01
3.859999984502792136e-01
3.839999973773956521e-01
3.950000017881393211e-01
4.029999941587448231e-01
3.830000013113021851e-01
3.939999967813491710e-01
3.909999936819076316e-01
4.039999932050705178e-01
4.009999990463256614e-01
4.019999980926513561e-01
4.000000000000000222e-01
4.029999971389770508e-01
4.009999960660934337e-01
3.969999998807907104e-01
3.870000034570694192e-01
3.939999997615813987e-01
3.759999990463256947e-01
3.810000061988830788e-01
3.829999953508377297e-01
3.869999974966049083e-01
4.020000010728835838e-01
3.990000039339065552e-01
3.860000014305114968e-01
3.840000003576278798e-01
3.859999984502792136e-01
3.899999976158142201e-01
3.829999983310699574e-01
3.779999941587448009e-01
3.770000010728836171e-01
3.789999991655349509e-01
3.820000022649764904e-01
3.840000003576278798e-01
3.919999986886978371e-01
3.959999978542327881e-01
3.960000038146972434e-01
3.869999974966049083e-01
3.809999972581863403e-01
3.889999985694885254e-01
3.869999974966049083e-01
3.809999972581863403e-01
3.809999972581863403e-01
3.810000002384185680e-01
3.820000022649764904e-01
3.839999973773956521e-01
3.930000036954879872e-01
3.890000045299529807e-01
3.939999967813491710e-01
3.960000008344650158e-01
3.880000025033950584e-01
3.900000035762786754e-01
3.910000056028365978e-01
3.819999992847442627e-01
3.810000061988830788e-01
3.810000002384185680e-01
3.799999982118606456e-01
3.880000025033950584e-01
3.899999946355819924e-01
3.859999984502792136e-01
3.929999977350234763e-01
3.970000028610229381e-01
3.939999997615813987e-01
3.900000005960464478e-01
3.849999994039535745e-01
3.869999974966049083e-01
3.879999995231628307e-01
3.919999986886978371e-01
3.930000036954879872e-01
3.979999989271164051e-01
3.899999976158142201e-01
3.899999946355819924e-01
3.980000019073486328e-01
3.909999996423721424e-01
3.899999976158142201e-01
3.849999994039535745e-01
