1.119999982416629847e-01
8.900000005960465033e-02
8.900000005960465033e-02
8.900000005960465033e-02
8.900000005960465033e-02
8.900000005960465033e-02
8.900000005960465033e-02
8.900000005960465033e-02
8.900000005960465033e-02
8.900000005960465033e-02
8.900000005960465033e-02
8.900000005960465033e-02
8.900000005960465033e-02
8.900000005960465033e-02
8.900000005960465033e-02
8.900000005960465033e-02
8.900000005960465033e-02
8.900000005960465033e-02
8.900000005960465033e-02
8.900000005960465033e-02
8.900000005960465033e-02
8.900000005960465033e-02
8.900000005960465033e-02
8.900000005960465033e-02
8.900000005960465033e-02
8.900000005960465033e-02
8.900000005960465033e-02
8.900000005960465033e-02
8.900000005960465033e-02
8.900000005960465033e-02
8.900000005960465033e-02
8.900000005960465033e-02
8.900000005960465033e-02
8.900000005960465033e-02
8.900000005960465033e-02
8.900000005960465033e-02
8.900000005960465033e-02
8.900000005960465033e-02
8.900000005960465033e-02
8.900000005960465033e-02
8.900000005960465033e-02
8.900000005960465033e-02
8.900000005960465033e-02
8.900000005960465033e-02
8.900000005960465033e-02
8.900000005960465033e-02
8.900000005960465033e-02
8.900000005960465033e-02
8.900000005960465033e-02
8.900000005960465033e-02
8.900000005960465033e-02
8.900000005960465033e-02
8.900000005960465033e-02
8.900000005960465033e-02
8.900000005960465033e-02
8.900000005960465033e-02
8.900000005960465033e-02
9.400000013411044519e-02
8.900000005960465033e-02
9.100000001490116119e-02
8.900000005960465033e-02
8.900000005960465033e-02
9.100000001490116119e-02
9.899999909102916162e-02
9.899999909102916162e-02
9.899999909102916162e-02
9.999999888241291324e-02
1.029999982565641403e-01
1.109999984502792331e-01
1.019999984651804026e-01
1.039999984204769135e-01
1.069999985396861975e-01
1.069999985396861975e-01
1.160000011324882480e-01
1.320000007748603765e-01
1.150000005960464533e-01
1.079999983310699491e-01
1.310000009834766388e-01
1.230000011622905676e-01
1.270000003278255463e-01
1.220000006258487729e-01
1.340000018477439936e-01
1.460000000894069727e-01
1.620000034570693859e-01
1.600000031292438396e-01
1.700000002980232294e-01
1.690000005066394917e-01
1.630000025033950806e-01
1.709999993443488964e-01
1.720000006258487757e-01
1.699999995529651586e-01
1.719999991357326619e-01
1.829999998211860601e-01
1.710000000894069672e-01
1.790000021457672230e-01
1.829999998211860601e-01
1.799999997019767761e-01
1.829999998211860601e-01
1.889999985694885143e-01
1.849999994039535633e-01
1.839999973773956410e-01
1.849999979138374218e-01
1.859999984502792303e-01
1.879999995231628473e-01
1.870000004768371527e-01
1.840000018477439825e-01
1.880000025033950750e-01
1.859999999403953441e-01
1.869999989867210388e-01
1.829999990761280171e-01
1.829999990761280171e-01
1.859999999403953441e-01
1.870000004768371527e-01
1.859999984502792303e-01
1.849999994039535633e-01
1.819999992847442516e-01
1.919999994337558691e-01
1.909999988973140606e-01
1.909999996423721313e-01
1.919999986886978260e-01
1.909999996423721313e-01
1.950000002980232239e-01
1.819999992847442516e-01
1.839999973773956410e-01
1.910000011324882452e-01
1.939999982714653015e-01
1.980000019073486217e-01
1.959999993443489186e-01
1.970000013709068409e-01
2.029999986290931813e-01
2.069999977946281322e-01
2.129999995231628418e-01
2.060000017285346929e-01
2.129999995231628418e-01
2.059999957680702098e-01
2.109999999403953663e-01
2.159999996423721258e-01
2.290000006556510981e-01
2.300000011920929066e-01
2.309999987483024597e-01
2.299999997019767650e-01
2.379999980330467224e-01
2.379999995231628362e-01
2.459999978542327936e-01
2.519999966025352478e-01
2.449999988079070989e-01
2.469999998807907160e-01
2.459999963641166798e-01
2.489999964833259638e-01
2.499999985098838862e-01
2.509999960660934670e-01
2.489999964833259638e-01
2.499999970197677723e-01
2.499999955296516307e-01
2.459999963641166798e-01
2.439999967813491766e-01
2.470000013709068298e-01
2.449999988079070989e-01
2.529999986290931702e-01
2.489999979734420776e-01
2.569999948143958934e-01
2.500000029802322277e-01
2.579999968409538158e-01
2.580000013113021851e-01
2.590000018477439658e-01
2.510000050067901500e-01
2.569999992847442627e-01
2.579999998211860435e-01
2.619999989867210499e-01
2.589999988675117382e-01
2.560000017285347096e-01
2.549999967217445596e-01
2.580000028014183266e-01
2.609999999403953552e-01
2.599999994039535745e-01
2.570000007748604043e-01
2.640000030398368946e-01
2.630000010132789723e-01
2.659999981522560009e-01
2.639999985694885254e-01
2.630000025033950584e-01
2.740000024437904136e-01
2.779999986290931924e-01
2.719999998807907104e-01
2.750000059604644775e-01
2.759999975562095753e-01
2.770000010728835838e-01
2.730000048875808605e-01
2.790000021457672008e-01
2.770000010728835838e-01
2.800000011920928955e-01
2.769999980926513561e-01
2.829999998211860657e-01
2.840000018477439880e-01
2.829999998211860657e-01
2.830000028014182933e-01
2.830000028014182933e-01
2.809999957680702209e-01
2.789999976754188316e-01
2.799999997019767539e-01
2.820000022649765126e-01
2.770000040531158669e-01
2.830000013113022073e-01
2.800000026822090371e-01
2.850000023841857688e-01
2.800000011920928955e-01
2.859999984502792358e-01
2.849999979138374551e-01
2.859999999403953774e-01
2.900000035762786976e-01
2.869999989867210166e-01
2.900000005960464700e-01
2.910000011324882507e-01
2.899999991059303284e-01
2.889999955892562644e-01
2.829999983310699241e-01
2.850000008940696827e-01
2.849999979138374551e-01
2.899999976158141868e-01
2.869999989867210166e-01
2.890000000596046337e-01
2.919999986886978038e-01
2.940000027418136486e-01
2.979999959468841442e-01
2.930000022053718678e-01
2.920000016689300315e-01
2.900000035762786976e-01
2.940000027418136486e-01
2.909999996423721091e-01
2.960000023245811240e-01
2.950000017881393433e-01
2.980000004172325134e-01
2.939999997615814209e-01
2.950000017881393433e-01
3.020000040531158336e-01
2.970000013709068187e-01
2.969999998807907327e-01
2.979999989271163718e-01
3.000000029802322166e-01
3.020000010728836060e-01
2.990000009536742942e-01
3.019999995827674644e-01
2.989999994635582081e-01
3.009999975562095420e-01
3.009999990463256836e-01
3.030000001192093007e-01
2.969999998807907327e-01
2.999999970197677612e-01
2.979999974370002858e-01
3.100000008940696494e-01
3.049999997019767761e-01
3.039999976754188538e-01
3.100000023841857910e-01
3.109999969601631165e-01
2.990000009536742942e-01
3.039999976754188538e-01
3.079999998211860879e-01
3.109999984502792580e-01
3.060000032186508401e-01
3.130000039935111888e-01
3.079999983310699463e-01
3.110000029206275718e-01
3.100000008940696494e-01
3.100000038743019326e-01
3.140000030398368835e-01
3.180000051856041177e-01
3.150000050663948059e-01
3.150000020861625782e-01
3.110000059008598550e-01
3.130000010132789612e-01
3.210000038146972878e-01
3.190000042319297568e-01
3.160000026226043590e-01
3.140000030398368835e-01
3.150000035762786643e-01
3.180000066757202037e-01
3.200000032782554515e-01
3.120000049471854942e-01
3.150000050663948059e-01
3.190000012516975292e-01
3.220000043511390686e-01
3.230000048875808494e-01
3.200000047683715931e-01
3.190000027418136708e-01
3.170000001788139121e-01
3.200000032782554515e-01
3.190000012516975292e-01
3.310000017285347207e-01
3.270000010728836282e-01
3.190000042319297568e-01
3.190000042319297568e-01
3.210000038146972878e-01
3.180000036954879761e-01
3.309999987483024375e-01
3.309999987483024375e-01
3.230000048875808494e-01
3.260000050067901611e-01
3.210000008344650047e-01
3.259999975562095642e-01
3.310000061988830344e-01
3.340000018477439769e-01
3.299999952316284291e-01
3.250000000000000111e-01
3.270000055432319419e-01
3.300000026822090260e-01
3.290000021457671897e-01
3.410000026226043812e-01
3.420000016689300759e-01
3.329999998211860546e-01
3.390000000596046226e-01
3.339999988675117493e-01
3.370000004768371471e-01
3.370000004768371471e-01
3.420000031590461620e-01
3.400000005960464589e-01
3.389999985694885365e-01
3.440000027418136375e-01
3.480000033974647300e-01
3.460000008344650269e-01
3.439999997615814098e-01
3.509999960660934448e-01
3.460000008344650269e-01
3.550000071525573619e-01
3.510000050067901833e-01
3.490000009536743386e-01
3.560000032186508290e-01
3.489999994635581970e-01
3.440000027418136375e-01
3.469999998807907216e-01
3.460000008344650269e-01
3.510000050067901833e-01
3.520000010728835949e-01
3.499999999999999778e-01
3.429999977350234874e-01
3.510000020265579002e-01
3.469999998807907216e-01
3.449999958276748768e-01
3.480000048875808716e-01
3.500000029802322610e-01
3.559999972581863181e-01
3.490000009536743386e-01
3.540000051259994396e-01
3.560000002384186013e-01
3.569999992847442405e-01
3.620000064373016246e-01
3.560000032186508290e-01
3.560000032186508290e-01
3.520000040531158225e-01
3.550000041723251343e-01
3.600000083446502908e-01
3.550000041723251343e-01
3.600000023841857799e-01
3.579999983310699352e-01
3.599999994039535522e-01
3.620000004768371693e-01
3.610000044107437023e-01
3.569999992847442405e-01
3.590000033378600852e-01
3.590000033378600852e-01
3.599999994039535522e-01
3.550000011920929066e-01
3.620000004768371693e-01
3.610000044107437023e-01
3.519999980926513672e-01
3.560000032186508290e-01
3.570000052452087513e-01
3.560000002384186013e-01
3.569999992847442405e-01
3.540000021457672119e-01
3.560000002384186013e-01
3.639999985694885032e-01
3.570000022649765237e-01
3.659999996423721202e-01
3.560000002384186013e-01
3.580000013113021629e-01
3.580000013113021629e-01
3.660000026226043479e-01
3.579999953508377075e-01
3.620000034570693970e-01
3.660000026226043479e-01
3.650000035762787087e-01
3.659999996423721202e-01
3.680000007152557373e-01
3.599999994039535522e-01
3.629999965429305808e-01
3.680000036954879650e-01
3.620000004768371693e-01
3.690000027418136597e-01
3.689999967813492043e-01
3.699999958276748435e-01
3.679999977350235096e-01
3.720000028610229714e-01
3.720000028610229714e-01
3.680000066757201926e-01
3.750000000000000000e-01
3.620000004768371693e-01
3.710000008344650491e-01
3.800000041723251565e-01
3.749999970197677723e-01
3.640000045299530140e-01
3.729999989271163829e-01
3.740000009536743053e-01
3.559999972581863181e-01
3.720000028610229714e-01
3.700000017881393544e-01
3.729999959468841553e-01
3.660000056028366311e-01
3.770000010728836171e-01
3.760000020265579224e-01
3.720000028610229714e-01
3.780000001192093118e-01
3.760000050067901500e-01
3.729999989271163829e-01
3.799999982118606456e-01
3.719999969005584606e-01
3.799999982118606456e-01
3.769999980926513894e-01
3.780000001192093118e-01
3.730000019073486106e-01
3.790000021457672341e-01
3.760000020265579224e-01
3.800000011920928733e-01
3.789999961853027233e-01
3.780000001192093118e-01
3.769999951124191062e-01
3.839999973773956521e-01
3.900000005960464478e-01
3.880000025033950584e-01
3.859999984502792136e-01
3.819999992847442627e-01
3.830000042915344127e-01
3.840000003576278798e-01
3.849999964237212913e-01
3.819999992847442627e-01
3.860000014305114968e-01
3.819999992847442627e-01
3.790000021457672341e-01
3.789999932050704956e-01
3.810000002384185680e-01
3.810000032186507957e-01
3.849999994039535745e-01
3.900000005960464478e-01
3.789999991655349509e-01
3.830000013113021851e-01
3.930000007152557595e-01
3.919999986886978371e-01
3.900000035762786754e-01
3.889999985694885254e-01
3.920000016689300648e-01
3.869999974966049083e-01
3.900000035762786754e-01
3.810000032186507957e-01
3.849999994039535745e-01
3.850000023841858021e-01
3.910000026226043701e-01
3.969999998807907104e-01
4.030000030994415061e-01
3.950000017881393211e-01
3.889999985694885254e-01
3.960000008344650158e-01
3.869999974966049083e-01
3.889999985694885254e-01
3.909999996423721424e-01
3.940000027418136819e-01
3.879999965429306030e-01
3.969999998807907104e-01
3.949999988079070934e-01
3.909999966621399148e-01
3.819999963045120350e-01
3.939999938011169434e-01
3.919999957084655540e-01
3.919999986886978371e-01
3.960000038146972434e-01
3.940000057220459095e-01
4.000000000000000222e-01
4.069999992847442849e-01
4.019999980926513561e-01
3.930000036954879872e-01
4.039999991655349731e-01
4.039999991655349731e-01
4.010000020265579446e-01
4.039999991655349731e-01
3.969999969005584828e-01
3.989999979734420998e-01
3.939999997615813987e-01
3.990000009536743275e-01
3.959999978542327881e-01
3.939999967813491710e-01
3.960000008344650158e-01
3.980000019073486328e-01
4.009999960660934337e-01
4.039999991655349731e-01
4.009999990463256614e-01
3.999999970197677390e-01
4.079999953508376964e-01
4.009999990463256614e-01
3.950000017881393211e-01
4.000000000000000222e-01
4.000000000000000222e-01
4.019999980926513561e-01
4.050000011920928955e-01
3.889999985694885254e-01
3.929999977350234763e-01
3.929999977350234763e-01
3.989999979734420998e-01
4.020000040531158669e-01
4.069999992847442849e-01
4.040000021457672008e-01
4.090000033378601296e-01
4.019999980926513561e-01
4.000000059604644775e-01
4.090000033378601296e-01
4.150000065565109253e-01
4.129999995231628529e-01
4.139999985694885476e-01
4.110000014305114635e-01
4.179999947547912709e-01
4.040000021457672008e-01
4.159999996423721091e-01
4.130000025033950806e-01
4.119999945163727029e-01
4.150000005960464700e-01
4.180000036954879539e-01
4.099999994039535411e-01
4.090000003576278464e-01
4.199999928474426047e-01
4.120000004768371582e-01
4.030000001192092784e-01
4.179999977350234985e-01
4.159999996423721091e-01
4.120000004768371582e-01
4.079999953508376964e-01
4.189999938011169656e-01
4.129999995231628529e-01
4.130000025033950806e-01
4.099999994039535411e-01
4.149999976158141868e-01
4.129999965429306252e-01
4.119999945163727029e-01
4.139999985694885476e-01
4.129999995231628529e-01
4.079999983310699241e-01
4.140000045299530029e-01
4.199999988079071156e-01
4.199999988079071156e-01
4.199999958276748879e-01
4.210000008344650380e-01
4.209999978542328103e-01
4.229999959468841442e-01
4.179999977350234985e-01
4.150000005960464700e-01
4.179999947547912709e-01
4.180000007152557262e-01
4.090000003576278464e-01
4.169999986886978038e-01
4.090000003576278464e-01
4.049999982118606678e-01
4.060000061988830455e-01
4.099999994039535411e-01
4.060000002384185902e-01
4.149999976158141868e-01
4.199999988079071156e-01
4.259999960660934559e-01
4.139999955892562644e-01
4.159999936819076538e-01
4.169999986886978038e-01
4.209999978542328103e-01
4.209999978542328103e-01
4.169999957084655762e-01
4.259999990463256836e-01
4.180000007152557262e-01
4.139999926090240367e-01
4.200000017881393433e-01
4.169999986886978038e-01
4.139999985694885476e-01
4.139999955892562644e-01
4.109999984502792358e-01
4.169999957084655762e-01
4.139999985694885476e-01
4.249999970197677612e-01
4.239999979734420665e-01
4.189999967813491932e-01
4.270000010728836060e-01
4.239999949932098389e-01
4.150000005960464700e-01
4.219999998807907327e-01
4.289999991655349953e-01
4.259999990463256836e-01
4.290000021457672230e-01
4.209999978542328103e-01
4.210000008344650380e-01
4.209999978542328103e-01
4.150000005960464700e-01
4.270000040531158336e-01
4.219999969005584495e-01
4.239999949932098389e-01
4.259999960660934559e-01
4.249999970197677612e-01
4.189999967813491932e-01
4.239999979734420665e-01
4.179999977350234985e-01
4.219999969005584495e-01
4.139999985694885476e-01
4.199999988079071156e-01
4.229999959468841442e-01
4.210000038146972656e-01
4.170000016689300315e-01
4.269999980926513783e-01
4.239999979734420665e-01
4.159999996423721091e-01
4.319999992847442516e-01
4.159999966621398815e-01
4.199999988079071156e-01
4.240000009536742942e-01
4.259999990463256836e-01
4.219999969005584495e-01
4.209999948740005271e-01
4.260000020265579113e-01
4.250000029802322166e-01
4.289999991655349953e-01
4.309999942779541016e-01
4.159999966621398815e-01
4.289999961853027122e-01
4.269999980926513783e-01
4.219999969005584495e-01
4.239999949932098389e-01
4.289999932050704845e-01
4.269999921321868674e-01
4.159999996423721091e-01
4.229999959468841442e-01
4.159999996423721091e-01
4.200000017881393433e-01
4.269999921321868674e-01
4.229999959468841442e-01
4.270000010728836060e-01
4.280000001192093007e-01
4.199999958276748879e-01
4.200000017881393433e-01
4.269999980926513783e-01
4.270000010728836060e-01
4.269999980926513783e-01
4.159999996423721091e-01
4.250000029802322166e-01
4.189999997615814209e-01
4.179999947547912709e-01
4.209999978542328103e-01
4.180000007152557262e-01
4.249999999999999889e-01
4.219999969005584495e-01
4.189999997615814209e-01
4.229999989271163718e-01
4.229999989271163718e-01
4.289999991655349953e-01
4.189999967813491932e-01
4.249999970197677612e-01
4.189999938011169656e-01
4.289999991655349953e-01
4.249999970197677612e-01
4.239999979734420665e-01
4.279999941587447898e-01
4.189999997615814209e-01
4.139999985694885476e-01
4.199999988079071156e-01
4.169999986886978038e-01
4.169999986886978038e-01
4.190000027418136486e-01
4.120000034570693859e-01
4.169999957084655762e-01
4.189999967813491932e-01
4.189999967813491932e-01
4.309999942779541016e-01
4.289999961853027122e-01
4.270000010728836060e-01
4.379999995231628196e-01
4.310000032186508401e-01
4.279999971389770730e-01
4.310000032186508401e-01
4.280000001192093007e-01
4.340000003576278687e-01
4.340000003576278687e-01
4.329999983310699463e-01
4.379999965429305919e-01
4.159999966621398815e-01
4.230000019073486550e-01
4.319999992847442516e-01
4.239999979734420665e-01
4.310000002384185569e-01
4.360000044107437134e-01
4.320000022649764793e-01
4.249999970197677612e-01
4.299999982118606345e-01
4.300000011920929177e-01
4.350000023841857910e-01
4.289999991655349953e-01
4.250000059604644997e-01
4.340000003576278687e-01
4.229999929666519165e-01
4.239999949932098389e-01
4.309999972581863292e-01
4.390000015497207420e-01
4.269999980926513783e-01
4.230000019073486550e-01
4.230000019073486550e-01
4.259999990463256836e-01
4.249999940395355336e-01
4.249999999999999889e-01
4.239999949932098389e-01
4.319999963045120239e-01
4.329999953508377186e-01
4.240000009536742942e-01
4.249999940395355336e-01
4.189999938011169656e-01
4.149999976158141868e-01
4.220000028610229603e-01
4.249999999999999889e-01
4.229999989271163718e-01
4.230000019073486550e-01
4.219999969005584495e-01
4.269999980926513783e-01
4.270000010728836060e-01
4.290000021457672230e-01
4.339999943971634133e-01
4.189999967813491932e-01
4.259999930858612283e-01
4.229999989271163718e-01
4.289999991655349953e-01
4.359999954700469749e-01
4.249999999999999889e-01
4.289999961853027122e-01
4.369999974966048972e-01
4.300000041723251454e-01
4.290000021457672230e-01
4.279999971389770730e-01
4.310000002384185569e-01
4.300000011920929177e-01
4.270000010728836060e-01
4.279999971389770730e-01
4.189999938011169656e-01
4.289999932050704845e-01
4.249999970197677612e-01
4.259999990463256836e-01
4.299999982118606345e-01
4.279999971389770730e-01
4.239999979734420665e-01
4.279999971389770730e-01
4.239999979734420665e-01
4.330000013113021740e-01
4.299999982118606345e-01
4.319999963045120239e-01
4.259999960660934559e-01
4.189999938011169656e-01
4.259999960660934559e-01
4.259999990463256836e-01
4.240000009536742942e-01
4.270000010728836060e-01
4.209999978542328103e-01
4.270000010728836060e-01
4.379999935626983643e-01
4.280000030994415283e-01
4.309999972581863292e-01
4.319999963045120239e-01
4.210000038146972656e-01
4.329999953508377186e-01
4.340000003576278687e-01
4.319999933242797963e-01
4.330000013113021740e-01
4.319999992847442516e-01
4.339999943971634133e-01
4.379999995231628196e-01
4.209999978542328103e-01
4.369999974966048972e-01
4.349999994039535633e-01
4.349999964237213357e-01
4.269999980926513783e-01
4.289999961853027122e-01
4.300000011920929177e-01
4.290000051259994507e-01
4.320000052452087624e-01
4.280000001192093007e-01
4.269999951124191506e-01
4.269999951124191506e-01
4.319999992847442516e-01
4.359999984502792580e-01
4.219999998807907327e-01
4.359999924898147472e-01
4.329999983310699463e-01
4.249999970197677612e-01
4.219999998807907327e-01
4.259999990463256836e-01
4.289999961853027122e-01
4.179999977350234985e-01
4.269999951124191506e-01
4.329999953508377186e-01
4.290000051259994507e-01
4.240000039339065774e-01
4.299999922513961792e-01
4.359999984502792580e-01
4.309999972581863292e-01
4.289999961853027122e-01
4.369999945163726696e-01
4.340000033378600963e-01
4.209999978542328103e-01
4.269999980926513783e-01
4.349999994039535633e-01
4.289999961853027122e-01
4.280000001192093007e-01
4.260000020265579113e-01
4.300000011920929177e-01
4.349999904632568248e-01
4.410000026226043590e-01
4.359999954700469749e-01
4.239999979734420665e-01
4.269999980926513783e-01
4.319999963045120239e-01
4.310000002384185569e-01
4.349999934434890525e-01
4.340000033378600963e-01
4.349999964237213357e-01
4.389999926090240590e-01
4.319999963045120239e-01
4.349999964237213357e-01
4.359999954700469749e-01
4.319999992847442516e-01
4.399999946355819813e-01
4.429999977350235207e-01
4.360000014305114857e-01
4.259999930858612283e-01
4.260000050067901389e-01
4.309999972581863292e-01
4.240000009536742942e-01
4.300000011920929177e-01
4.259999960660934559e-01
4.299999952316284069e-01
4.199999988079071156e-01
4.360000014305114857e-01
4.409999966621399037e-01
4.200000017881393433e-01
4.319999963045120239e-01
4.299999982118606345e-01
4.229999989271163718e-01
4.339999973773956410e-01
4.280000001192093007e-01
4.349999994039535633e-01
4.329999983310699463e-01
4.389999955892562866e-01
4.259999960660934559e-01
4.280000030994415283e-01
4.299999982118606345e-01
4.299999922513961792e-01
4.319999963045120239e-01
4.259999960660934559e-01
4.349999994039535633e-01
4.339999973773956410e-01
4.479999959468841664e-01
4.400000005960464367e-01
4.389999955892562866e-01
4.379999995231628196e-01
4.390000015497207420e-01
4.339999973773956410e-01
4.390000015497207420e-01
4.340000003576278687e-01
4.329999983310699463e-01
4.349999934434890525e-01
4.349999904632568248e-01
4.340000033378600963e-01
4.329999983310699463e-01
4.439999997615814431e-01
4.279999971389770730e-01
4.339999943971634133e-01
4.270000010728836060e-01
4.299999982118606345e-01
4.240000009536742942e-01
4.339999973773956410e-01
4.429999917745590099e-01
4.380000025033951028e-01
4.419999986886978260e-01
4.329999953508377186e-01
4.329999983310699463e-01
4.289999991655349953e-01
4.339999973773956410e-01
4.320000052452087624e-01
4.299999952316284069e-01
4.219999939203262218e-01
4.299999982118606345e-01
4.249999999999999889e-01
4.279999971389770730e-01
4.279999941587447898e-01
4.289999932050704845e-01
4.239999920129776112e-01
4.340000003576278687e-01
4.429999977350235207e-01
4.339999914169311301e-01
4.430000007152557484e-01
4.379999965429305919e-01
4.429999977350235207e-01
4.359999954700469749e-01
4.369999974966048972e-01
4.349999994039535633e-01
4.370000034570694081e-01
4.349999904632568248e-01
4.450000017881393655e-01
4.419999986886978260e-01
4.289999932050704845e-01
4.340000003576278687e-01
4.349999994039535633e-01
4.289999961853027122e-01
4.329999923706054910e-01
4.449999988079070823e-01
4.359999984502792580e-01
4.319999933242797963e-01
4.429999947547912376e-01
4.389999985694885143e-01
4.349999994039535633e-01
4.339999973773956410e-01
4.319999963045120239e-01
4.399999976158142090e-01
4.389999985694885143e-01
4.329999983310699463e-01
4.279999971389770730e-01
4.270000010728836060e-01
4.360000014305114857e-01
4.379999935626983643e-01
4.349999964237213357e-01
4.380000025033951028e-01
4.369999974966048972e-01
4.309999942779541016e-01
4.379999965429305919e-01
4.369999974966048972e-01
4.419999957084655984e-01
4.259999960660934559e-01
4.399999946355819813e-01
4.309999972581863292e-01
4.279999971389770730e-01
4.249999970197677612e-01
4.269999951124191506e-01
4.289999961853027122e-01
4.269999980926513783e-01
4.269999951124191506e-01
4.319999963045120239e-01
4.339999973773956410e-01
4.279999941587447898e-01
4.310000032186508401e-01
4.319999992847442516e-01
4.349999994039535633e-01
4.319999992847442516e-01
4.330000013113021740e-01
4.329999923706054910e-01
4.370000004768371804e-01
4.329999953508377186e-01
4.319999963045120239e-01
4.339999973773956410e-01
4.349999934434890525e-01
4.409999966621399037e-01
4.329999953508377186e-01
4.269999980926513783e-01
4.379999965429305919e-01
4.319999992847442516e-01
4.369999974966048972e-01
4.219999998807907327e-01
4.309999942779541016e-01
4.279999971389770730e-01
4.249999970197677612e-01
4.249999940395355336e-01
4.330000013113021740e-01
4.300000011920929177e-01
4.369999974966048972e-01
4.349999964237213357e-01
4.310000002384185569e-01
4.349999964237213357e-01
4.329999953508377186e-01
4.319999992847442516e-01
4.339999973773956410e-01
4.259999990463256836e-01
4.250000029802322166e-01
4.259999990463256836e-01
4.340000003576278687e-01
4.319999963045120239e-01
4.279999971389770730e-01
4.279999941587447898e-01
4.269999980926513783e-01
4.259999990463256836e-01
4.219999909400939941e-01
4.360000014305114857e-01
4.289999961853027122e-01
4.340000003576278687e-01
4.240000009536742942e-01
4.389999985694885143e-01
4.369999974966048972e-01
4.409999966621399037e-01
4.259999960660934559e-01
4.329999983310699463e-01
4.269999951124191506e-01
4.349999994039535633e-01
4.369999915361404419e-01
4.340000003576278687e-01
4.429999947547912376e-01
4.369999945163726696e-01
4.370000004768371804e-01
4.419999957084655984e-01
4.260000020265579113e-01
