9.599999971687793454e-02
8.900000005960465033e-02
8.900000005960465033e-02
8.900000005960465033e-02
8.900000005960465033e-02
8.900000005960465033e-02
8.900000005960465033e-02
8.900000005960465033e-02
8.900000005960465033e-02
8.900000005960465033e-02
8.900000005960465033e-02
8.900000005960465033e-02
8.900000005960465033e-02
8.900000005960465033e-02
8.900000005960465033e-02
8.900000005960465033e-02
8.900000005960465033e-02
8.900000005960465033e-02
8.900000005960465033e-02
8.900000005960465033e-02
8.900000005960465033e-02
8.900000005960465033e-02
8.900000005960465033e-02
8.900000005960465033e-02
8.900000005960465033e-02
8.900000005960465033e-02
8.900000005960465033e-02
8.900000005960465033e-02
8.900000005960465033e-02
8.900000005960465033e-02
8.900000005960465033e-02
8.900000005960465033e-02
8.900000005960465033e-02
8.900000005960465033e-02
8.900000005960465033e-02
8.900000005960465033e-02
8.900000005960465033e-02
8.900000005960465033e-02
8.900000005960465033e-02
8.900000005960465033e-02
8.900000005960465033e-02
8.900000005960465033e-02
8.900000005960465033e-02
8.900000005960465033e-02
8.900000005960465033e-02
8.900000005960465033e-02
8.900000005960465033e-02
8.900000005960465033e-02
8.900000005960465033e-02
8.900000005960465033e-02
8.900000005960465033e-02
8.900000005960465033e-02
8.900000005960465033e-02
8.900000005960465033e-02
8.900000005960465033e-02
8.900000005960465033e-02
8.900000005960465033e-02
8.900000005960465033e-02
8.900000005960465033e-02
8.900000005960465033e-02
8.900000005960465033e-02
8.900000005960465033e-02
8.900000005960465033e-02
8.900000005960465033e-02
8.900000005960465033e-02
8.900000005960465033e-02
8.900000005960465033e-02
8.900000005960465033e-02
8.900000005960465033e-02
8.900000005960465033e-02
8.900000005960465033e-02
8.900000005960465033e-02
8.900000005960465033e-02
8.900000005960465033e-02
8.900000005960465033e-02
8.900000005960465033e-02
8.900000005960465033e-02
8.900000005960465033e-02
8.900000005960465033e-02
8.900000005960465033e-02
8.900000005960465033e-02
8.900000005960465033e-02
8.900000005960465033e-02
8.900000005960465033e-02
8.900000005960465033e-02
8.900000005960465033e-02
8.900000005960465033e-02
8.900000005960465033e-02
8.900000005960465033e-02
8.900000005960465033e-02
8.900000005960465033e-02
8.900000005960465033e-02
8.900000005960465033e-02
8.900000005960465033e-02
8.900000005960465033e-02
8.900000005960465033e-02
8.900000005960465033e-02
8.900000005960465033e-02
8.900000005960465033e-02
8.900000005960465033e-02
8.900000005960465033e-02
8.900000005960465033e-02
8.900000005960465033e-02
9.100000001490116119e-02
9.899999909102916162e-02
9.799999929964542389e-02
9.300000034272670746e-02
9.599999971687793454e-02
9.100000001490116119e-02
9.300000034272670746e-02
8.900000005960465033e-02
9.300000034272670746e-02
9.300000034272670746e-02
9.699999950826168615e-02
9.499999992549419681e-02
9.300000034272670746e-02
9.400000013411044519e-02
9.799999929964542389e-02
9.899999909102916162e-02
9.899999909102916162e-02
1.039999980479478781e-01
1.049999989569187220e-01
1.049999989569187220e-01
1.059999987483024597e-01
1.049999989569187220e-01
1.059999987483024597e-01
1.039999984204769135e-01
1.039999984204769135e-01
1.059999991208314951e-01
1.110000003129243823e-01
1.120000004768371554e-01
1.289999991655349787e-01
1.229999989271163968e-01
1.119999997317790985e-01
1.129999995231628362e-01
1.189999997615814181e-01
1.219999991357326452e-01
1.239999994635581915e-01
1.610000006854534205e-01
1.590000011026859172e-01
1.840000003576278687e-01
1.680000007152557262e-01
1.790000021457672230e-01
1.890000000596046559e-01
1.870000004768371527e-01
1.880000010132789612e-01
1.850000008940696772e-01
1.829999998211860601e-01
1.819999985396862086e-01
1.820000000298023224e-01
1.830000013113021740e-01
1.830000013113021740e-01
1.820000007748603932e-01
1.840000018477439825e-01
1.819999992847442516e-01
1.840000003576278687e-01
1.840000003576278687e-01
1.850000008940696772e-01
1.879999995231628473e-01
1.879999995231628473e-01
1.879999980330467335e-01
2.009999983012676350e-01
2.039999984204769190e-01
2.059999994933605083e-01
2.059999987483024653e-01
1.960000000894069616e-01
2.040000014007091467e-01
2.229999989271163885e-01
2.220000013709068354e-01
2.109999984502792247e-01
1.900000020861625782e-01
1.969999998807906993e-01
2.150000020861625727e-01
2.059999987483024653e-01
2.019999988377094158e-01
2.059999980032443945e-01
2.130000010132789556e-01
2.020000018179416712e-01
2.079999990761280115e-01
2.109999999403953663e-01
2.140000015497207642e-01
2.080000013113021962e-01
2.099999994039535578e-01
2.050000011920928844e-01
1.990000039339065441e-01
2.050000041723251398e-01
2.040000006556511036e-01
2.099999979138374440e-01
2.120000019669532887e-01
2.080000013113021962e-01
2.040000006556511036e-01
2.070000007748603876e-01
2.040000051259994451e-01
2.070000007748603876e-01
2.120000004768371471e-01
2.099999979138374440e-01
2.159999996423721258e-01
2.199999988079071045e-01
2.170000016689300482e-01
2.109999999403953663e-01
2.110000014305114802e-01
2.080000028014183100e-01
2.030000001192092951e-01
2.109999999403953663e-01
2.169999986886978205e-01
2.129999995231628418e-01
2.120000019669532887e-01
2.099999994039535578e-01
2.150000020861625727e-01
2.150000020861625727e-01
2.159999966621398981e-01
2.180000036954879705e-01
2.140000000596046503e-01
2.190000012516975514e-01
2.180000022053718567e-01
2.149999991059303173e-01
2.240000009536743109e-01
2.210000008344650269e-01
2.260000005364418141e-01
2.360000014305114746e-01
2.349999979138374384e-01
2.330000013113021906e-01
2.380000025033950917e-01
2.350000008940696661e-01
2.340000018477439991e-01
2.340000033378601130e-01
2.420000016689300426e-01
2.420000016689300426e-01
2.340000018477439991e-01
2.359999999403953608e-01
2.410000011324882618e-01
2.400000005960464533e-01
2.399999976158141979e-01
2.459999978542327936e-01
2.439999997615814320e-01
2.509999990463256947e-01
2.539999946951866372e-01
2.609999954700469860e-01
2.559999987483024819e-01
2.529999986290931702e-01
2.589999988675117382e-01
2.519999966025352478e-01
2.529999971389770286e-01
2.569999992847442627e-01
2.600000008940696605e-01
2.540000006556510925e-01
2.639999970793723838e-01
2.660000011324882285e-01
2.649999976158142201e-01
2.589999988675117382e-01
2.709999978542327881e-01
2.620000004768371360e-01
2.680000007152557595e-01
2.700000002980232350e-01
2.660000011324882285e-01
2.740000009536743275e-01
2.639999985694885254e-01
2.649999991059303062e-01
2.709999993443489297e-01
2.609999954700469860e-01
2.680000007152557595e-01
2.699999973177910073e-01
2.709999993443489297e-01
2.740000009536743275e-01
2.729999989271164051e-01
2.730000004172324912e-01
2.709999993443489297e-01
2.619999974966049083e-01
2.750000029802322499e-01
2.709999978542327881e-01
2.800000011920928955e-01
2.800000026822090371e-01
2.760000020265579446e-01
2.760000020265579446e-01
2.780000001192092784e-01
2.699999988079070934e-01
2.720000028610229381e-01
2.740000039339065552e-01
2.789999991655349731e-01
2.809999972581863625e-01
2.770000010728835838e-01
2.809999972581863625e-01
2.769999995827674977e-01
2.760000020265579446e-01
2.729999989271164051e-01
2.739999979734420998e-01
2.819999977946281433e-01
2.740000009536743275e-01
2.699999988079070934e-01
2.780000016093254200e-01
2.769999980926513561e-01
2.749999985098838806e-01
2.800000026822090371e-01
2.770000025629997253e-01
2.830000028014182933e-01
2.809999987483024486e-01
2.750000000000000222e-01
2.780000045895576477e-01
2.809999972581863625e-01
2.820000007748603710e-01
2.859999999403953774e-01
2.759999990463256614e-01
2.799999982118606678e-01
2.809999972581863625e-01
2.790000006556511147e-01
2.820000037550925986e-01
2.889999985694885476e-01
2.810000032186508179e-01
2.829999983310699241e-01
2.869999989867210166e-01
2.820000007748603710e-01
2.850000008940696827e-01
2.820000037550925986e-01
2.830000028014182933e-01
2.850000008940696827e-01
2.870000004768371582e-01
2.870000034570693859e-01
2.850000053644180520e-01
2.859999999403953774e-01
2.860000014305114635e-01
2.899999991059303284e-01
2.829999998211860657e-01
2.849999964237213135e-01
2.849999979138374551e-01
2.779999986290931924e-01
2.809999987483024486e-01
2.880000039935112222e-01
2.880000039935112222e-01
2.929999992251396401e-01
2.890000000596046337e-01
2.849999994039535411e-01
2.920000016689300315e-01
2.840000003576278464e-01
2.910000026226043923e-01
2.919999986886978038e-01
2.909999981522560231e-01
2.920000016689300315e-01
2.949999973177909740e-01
2.939999997615814209e-01
2.940000012516975625e-01
2.929999977350234985e-01
2.939999997615814209e-01
2.960000038146972656e-01
2.960000067949294933e-01
3.010000005364418252e-01
2.970000043511390464e-01
2.959999993443488964e-01
2.980000004172325134e-01
3.000000059604644997e-01
2.930000036954879539e-01
2.939999997615814209e-01
2.970000028610229603e-01
2.909999996423721091e-01
2.960000038146972656e-01
2.960000008344650380e-01
3.000000059604644997e-01
2.930000036954879539e-01
2.940000012516975625e-01
2.880000025033950806e-01
3.000000029802322166e-01
2.910000026226043923e-01
2.959999993443488964e-01
2.960000038146972656e-01
2.860000014305114635e-01
2.950000002980232017e-01
2.970000013709068187e-01
3.000000014901161305e-01
2.979999974370002858e-01
3.000000014901161305e-01
2.970000028610229603e-01
3.030000045895576699e-01
2.840000018477439880e-01
2.950000017881393433e-01
3.030000030994415283e-01
2.969999983906745911e-01
2.960000023245811240e-01
2.950000032782554849e-01
2.900000035762786976e-01
3.010000050067901389e-01
3.010000020265579113e-01
2.959999993443488964e-01
2.980000004172325134e-01
3.010000020265579113e-01
3.040000081062316784e-01
3.010000005364418252e-01
2.940000042319297902e-01
2.960000023245811240e-01
3.020000055432319752e-01
2.980000033974647411e-01
2.999999985098839028e-01
2.959999993443488964e-01
2.989999994635582081e-01
3.010000050067901389e-01
2.980000033974647411e-01
3.010000035166740529e-01
3.010000064969062805e-01
2.970000013709068187e-01
2.990000024437904358e-01
3.030000001192093007e-01
3.009999975562095420e-01
3.040000021457672230e-01
3.070000037550926208e-01
3.070000022649764793e-01
3.099999994039535633e-01
3.080000028014183155e-01
3.080000013113021740e-01
3.080000028014183155e-01
3.050000026822090038e-01
3.019999995827674644e-01
3.059999987483024708e-01
3.100000023841857910e-01
3.110000029206275718e-01
3.130000010132789612e-01
3.080000013113021740e-01
3.049999997019767761e-01
3.130000039935111888e-01
3.070000007748603932e-01
3.120000004768371804e-01
3.110000029206275718e-01
3.119999989867210388e-01
3.120000004768371804e-01
3.110000059008598550e-01
3.149999991059303506e-01
3.110000014305114857e-01
3.170000031590461953e-01
3.100000023841857910e-01
3.130000039935111888e-01
3.089999988675117271e-01
3.140000030398368835e-01
3.180000022053718345e-01
3.170000001788139121e-01
3.099999994039535633e-01
3.129999995231628196e-01
3.150000050663948059e-01
3.070000067353248485e-01
3.110000014305114857e-01
3.180000051856041177e-01
3.140000030398368835e-01
3.170000046491622814e-01
3.180000007152557484e-01
3.140000030398368835e-01
3.130000054836273304e-01
3.160000041127205006e-01
3.100000038743019326e-01
3.090000033378600963e-01
3.169999986886978260e-01
3.120000004768371804e-01
3.130000025033951028e-01
3.130000039935111888e-01
3.190000027418136708e-01
3.160000011324882729e-01
3.180000036954879761e-01
3.220000013709068409e-01
3.200000032782554515e-01
3.170000001788139121e-01
3.180000007152557484e-01
3.180000007152557484e-01
3.149999991059303506e-01
3.240000054240226857e-01
3.210000008344650047e-01
3.160000026226043590e-01
3.170000001788139121e-01
3.180000007152557484e-01
3.170000031590461953e-01
3.219999998807906993e-01
3.179999992251396068e-01
3.240000009536743164e-01
3.250000059604644664e-01
3.240000039339065441e-01
3.239999994635581748e-01
3.190000072121620400e-01
3.240000009536743164e-01
3.219999998807906993e-01
3.230000048875808494e-01
3.330000013113021962e-01
3.270000040531158558e-01
3.239999979734420887e-01
3.250000074505806080e-01
3.279999986290931813e-01
3.330000042915344238e-01
3.229999989271163940e-01
3.290000021457671897e-01
3.300000011920928844e-01
3.340000018477439769e-01
3.280000001192092673e-01
3.370000004768371471e-01
3.340000033378601185e-01
3.390000015497207642e-01
3.329999983310699685e-01
3.330000013113021962e-01
3.360000044107437356e-01
3.349999994039535300e-01
3.260000020265579335e-01
3.349999994039535300e-01
3.269999980926513450e-01
3.289999991655349620e-01
3.200000047683715931e-01
3.230000063776969910e-01
3.290000021457671897e-01
3.280000001192092673e-01
3.340000003576278909e-01
3.240000039339065441e-01
3.280000001192092673e-01
3.319999992847442738e-01
3.290000021457671897e-01
3.310000002384185791e-01
3.340000033378601185e-01
3.349999994039535300e-01
3.320000037550926431e-01
3.359999984502792247e-01
3.240000054240226857e-01
3.280000030994415505e-01
3.339999973773956077e-01
3.320000022649765015e-01
3.300000041723251121e-01
3.280000001192092673e-01
3.240000069141387717e-01
3.319999992847442738e-01
3.300000071525573953e-01
3.330000013113021962e-01
3.410000026226043812e-01
3.349999964237213024e-01
3.339999973773956077e-01
3.420000016689300759e-01
3.360000014305114524e-01
3.380000010132789834e-01
3.349999994039535300e-01
3.289999991655349620e-01
3.340000033378601185e-01
3.349999994039535300e-01
3.390000045299529918e-01
3.280000030994415505e-01
3.300000041723251121e-01
3.419999986886977927e-01
3.369999974966049194e-01
3.410000026226043812e-01
3.370000034570693748e-01
3.460000008344650269e-01
3.370000034570693748e-01
3.359999984502792247e-01
3.370000064373016579e-01
3.389999985694885365e-01
3.379999995231628418e-01
3.439999997615814098e-01
3.450000017881393322e-01
3.480000019073486439e-01
3.469999983906745800e-01
3.379999995231628418e-01
3.450000017881393322e-01
3.439999967813491821e-01
3.369999974966049194e-01
3.349999994039535300e-01
3.380000025033950695e-01
3.299999997019767983e-01
3.390000045299529918e-01
3.449999988079071045e-01
3.400000005960464589e-01
3.430000036954879983e-01
3.459999978542327992e-01
3.360000014305114524e-01
3.499999999999999778e-01
3.400000005960464589e-01
3.400000005960464589e-01
3.360000044107437356e-01
3.460000038146972545e-01
3.440000057220459206e-01
3.420000046491623036e-01
3.479999989271164162e-01
3.370000034570693748e-01
3.520000010728835949e-01
3.480000019073486439e-01
3.430000007152557151e-01
3.460000038146972545e-01
3.449999988079071045e-01
3.469999954104423523e-01
3.450000047683715598e-01
3.479999989271164162e-01
3.430000066757202259e-01
3.419999986886977927e-01
3.450000017881393322e-01
3.449999988079071045e-01
3.520000040531158225e-01
3.440000027418136375e-01
3.480000019073486439e-01
3.449999988079071045e-01
3.480000019073486439e-01
3.580000013113021629e-01
3.469999998807907216e-01
3.530000001192092896e-01
3.549999982118606789e-01
3.530000030994415172e-01
3.439999967813491821e-01
3.490000009536743386e-01
3.539999961853027566e-01
3.470000058412551769e-01
3.499999999999999778e-01
3.450000047683715598e-01
3.450000002980232461e-01
3.420000061392783897e-01
3.490000009536743386e-01
3.510000020265579002e-01
3.539999991655349842e-01
3.540000021457672119e-01
3.630000025033950917e-01
3.550000011920929066e-01
3.569999992847442405e-01
3.539999991655349842e-01
3.539999991655349842e-01
3.499999970197677501e-01
3.510000020265579002e-01
3.500000029802322610e-01
3.540000021457672119e-01
3.519999980926513672e-01
3.520000040531158225e-01
3.509999990463256725e-01
3.609999954700470193e-01
3.530000030994415172e-01
3.520000040531158225e-01
3.610000044107437023e-01
3.560000032186508290e-01
3.630000054836273193e-01
3.510000050067901833e-01
3.579999983310699352e-01
3.590000003576278576e-01
3.590000003576278576e-01
3.629999995231628640e-01
3.579999983310699352e-01
3.610000014305114746e-01
3.489999979734420554e-01
3.579999983310699352e-01
3.600000023841857799e-01
3.539999961853027566e-01
3.590000033378600852e-01
3.569999963045120128e-01
3.630000025033950917e-01
3.549999952316283958e-01
3.610000044107437023e-01
3.490000009536743386e-01
3.420000016689300759e-01
3.520000040531158225e-01
3.510000050067901833e-01
3.609999984502792469e-01
3.480000019073486439e-01
3.480000019073486439e-01
3.539999961853027566e-01
3.540000021457672119e-01
3.530000001192092896e-01
3.589999973773956299e-01
3.569999992847442405e-01
3.530000001192092896e-01
3.540000051259994396e-01
3.649999931454658286e-01
3.540000021457672119e-01
3.550000011920929066e-01
3.520000040531158225e-01
3.580000013113021629e-01
3.529999971389770619e-01
3.689999967813492043e-01
3.600000023841857799e-01
3.660000026226043479e-01
3.660000026226043479e-01
3.680000007152557373e-01
3.659999996423721202e-01
3.680000007152557373e-01
3.669999957084655873e-01
3.760000020265579224e-01
3.699999958276748435e-01
3.740000009536743053e-01
3.759999990463256947e-01
3.590000033378600852e-01
3.690000027418136597e-01
3.769999980926513894e-01
3.729999989271163829e-01
3.619999974966049416e-01
3.719999939203262329e-01
3.720000028610229714e-01
3.669999957084655873e-01
3.699999958276748435e-01
3.719999998807906882e-01
3.699999988079071267e-01
3.629999965429305808e-01
3.750000000000000000e-01
3.699999988079071267e-01
3.700000017881393544e-01
3.680000007152557373e-01
3.689999997615814320e-01
3.689999997615814320e-01
3.700000017881393544e-01
3.699999988079071267e-01
3.819999963045120350e-01
3.640000015497207864e-01
3.749999970197677723e-01
3.660000026226043479e-01
3.729999989271163829e-01
3.740000009536743053e-01
3.670000016689300426e-01
3.589999973773956299e-01
3.709999978542327659e-01
3.780000001192093118e-01
3.779999971389770286e-01
3.790000051259994618e-01
3.650000005960464255e-01
3.729999989271163829e-01
3.779999971389770286e-01
3.740000009536743053e-01
3.719999969005584606e-01
3.669999986886978149e-01
3.709999948740005382e-01
3.690000027418136597e-01
3.750000000000000000e-01
3.810000002384185680e-01
3.729999989271163829e-01
3.759999990463256947e-01
3.689999967813492043e-01
3.700000017881393544e-01
3.709999948740005382e-01
3.750000029802322277e-01
3.840000003576278798e-01
3.779999941587448009e-01
3.700000047683715820e-01
3.740000039339065330e-01
3.749999940395355447e-01
3.779999971389770286e-01
3.739999979734420776e-01
3.799999982118606456e-01
3.809999972581863403e-01
3.739999979734420776e-01
3.740000009536743053e-01
3.780000001192093118e-01
3.820000022649764904e-01
3.820000022649764904e-01
3.809999972581863403e-01
3.829999983310699574e-01
3.780000001192093118e-01
3.820000022649764904e-01
3.790000021457672341e-01
3.879999965429306030e-01
3.819999992847442627e-01
3.849999964237212913e-01
3.749999970197677723e-01
3.770000040531158447e-01
3.809999957680701987e-01
3.809999972581863403e-01
3.699999958276748435e-01
3.759999990463256947e-01
3.730000019073486106e-01
3.710000008344650491e-01
3.650000035762787087e-01
3.699999958276748435e-01
3.679999977350235096e-01
3.780000001192093118e-01
3.750000000000000000e-01
3.779999941587448009e-01
3.810000002384185680e-01
3.759999960660934670e-01
3.769999980926513894e-01
3.799999952316284180e-01
3.750000000000000000e-01
3.759999960660934670e-01
3.799999982118606456e-01
3.829999953508377297e-01
3.719999998807906882e-01
3.819999963045120350e-01
3.749999970197677723e-01
3.800000041723251565e-01
3.800000011920928733e-01
3.839999943971633689e-01
3.819999933242798074e-01
3.819999992847442627e-01
3.899999976158142201e-01
3.919999986886978371e-01
3.879999965429306030e-01
3.779999971389770286e-01
3.840000033378601074e-01
3.840000003576278798e-01
3.920000016689300648e-01
3.929999977350234763e-01
3.800000011920928733e-01
3.859999924898147583e-01
3.830000042915344127e-01
3.759999990463256947e-01
3.819999963045120350e-01
3.899999976158142201e-01
3.819999992847442627e-01
3.889999955892562977e-01
3.899999976158142201e-01
3.839999943971633689e-01
3.960000038146972434e-01
3.889999955892562977e-01
3.879999965429306030e-01
3.899999976158142201e-01
3.859999954700469860e-01
3.879999995231628307e-01
3.989999949932098167e-01
3.929999977350234763e-01
3.860000014305114968e-01
3.909999996423721424e-01
3.899999946355819924e-01
3.870000004768371360e-01
3.890000015497207531e-01
3.929999977350234763e-01
3.930000007152557595e-01
3.920000016689300648e-01
3.889999985694885254e-01
3.979999959468841775e-01
3.899999976158142201e-01
3.949999988079070934e-01
3.909999996423721424e-01
3.879999935626983754e-01
3.989999979734420998e-01
3.890000015497207531e-01
4.009999990463256614e-01
3.959999978542327881e-01
3.899999976158142201e-01
3.930000007152557595e-01
3.949999958276748657e-01
3.919999957084655540e-01
3.889999955892562977e-01
3.930000007152557595e-01
3.889999985694885254e-01
3.969999969005584828e-01
3.849999994039535745e-01
3.849999994039535745e-01
3.950000017881393211e-01
3.939999967813491710e-01
3.949999988079070934e-01
3.939999997615813987e-01
3.959999948740005604e-01
4.019999980926513561e-01
3.849999994039535745e-01
3.939999997615813987e-01
3.970000028610229381e-01
3.899999976158142201e-01
3.909999996423721424e-01
3.940000027418136819e-01
3.869999974966049083e-01
3.909999966621399148e-01
3.870000004768371360e-01
3.930000007152557595e-01
3.879999995231628307e-01
3.980000019073486328e-01
3.919999986886978371e-01
3.900000005960464478e-01
3.979999959468841775e-01
3.870000004768371360e-01
3.929999947547912487e-01
3.999999970197677390e-01
3.929999977350234763e-01
4.020000040531158669e-01
3.919999986886978371e-01
3.890000015497207531e-01
3.939999967813491710e-01
3.889999985694885254e-01
3.960000038146972434e-01
3.890000045299529807e-01
3.909999996423721424e-01
3.930000007152557595e-01
3.990000009536743275e-01
4.020000010728835838e-01
3.960000008344650158e-01
3.949999958276748657e-01
3.919999986886978371e-01
3.870000004768371360e-01
3.930000036954879872e-01
3.879999965429306030e-01
3.930000007152557595e-01
3.979999989271164051e-01
3.929999977350234763e-01
3.859999954700469860e-01
3.950000017881393211e-01
3.910000026226043701e-01
3.969999939203262551e-01
3.909999966621399148e-01
3.939999967813491710e-01
3.969999969005584828e-01
3.959999978542327881e-01
3.989999979734420998e-01
3.949999958276748657e-01
3.859999984502792136e-01
3.919999986886978371e-01
3.899999946355819924e-01
4.009999960660934337e-01
4.070000022649765126e-01
3.979999989271164051e-01
3.980000019073486328e-01
3.990000009536743275e-01
4.029999941587448231e-01
3.950000017881393211e-01
3.939999967813491710e-01
3.919999986886978371e-01
3.929999977350234763e-01
3.979999989271164051e-01
3.830000013113021851e-01
4.009999990463256614e-01
3.949999988079070934e-01
3.860000014305114968e-01
3.949999958276748657e-01
3.810000002384185680e-01
3.890000045299529807e-01
3.909999996423721424e-01
3.929999917745590210e-01
3.840000033378601074e-01
3.880000054836273415e-01
3.889999985694885254e-01
3.939999997615813987e-01
3.879999965429306030e-01
3.939999967813491710e-01
4.029999971389770508e-01
3.939999967813491710e-01
3.909999996423721424e-01
3.930000007152557595e-01
4.029999941587448231e-01
3.899999976158142201e-01
3.830000013113021851e-01
3.949999988079070934e-01
3.860000014305114968e-01
3.909999996423721424e-01
3.860000044107437245e-01
3.889999985694885254e-01
3.879999995231628307e-01
3.859999984502792136e-01
3.879999995231628307e-01
3.919999986886978371e-01
3.869999974966049083e-01
3.919999986886978371e-01
3.949999958276748657e-01
3.919999986886978371e-01
3.880000025033950584e-01
4.029999971389770508e-01
3.969999998807907104e-01
3.879999965429306030e-01
3.960000008344650158e-01
3.949999988079070934e-01
3.950000017881393211e-01
3.920000016689300648e-01
3.969999998807907104e-01
3.929999977350234763e-01
3.959999978542327881e-01
3.879999995231628307e-01
3.849999964237212913e-01
3.959999948740005604e-01
3.899999946355819924e-01
3.979999959468841775e-01
3.939999997615813987e-01
3.959999948740005604e-01
4.000000000000000222e-01
4.090000003576278464e-01
4.069999963045120017e-01
4.069999963045120017e-01
4.019999951124191284e-01
4.049999982118606678e-01
4.050000011920928955e-01
3.949999988079070934e-01
4.009999990463256614e-01
3.939999997615813987e-01
3.990000009536743275e-01
4.000000000000000222e-01
3.979999959468841775e-01
3.999999970197677390e-01
4.019999980926513561e-01
4.000000000000000222e-01
4.039999961853027455e-01
4.120000004768371582e-01
4.020000010728835838e-01
4.099999994039535411e-01
4.129999995231628529e-01
4.169999986886978038e-01
4.109999984502792358e-01
4.059999942779540794e-01
4.109999954700470082e-01
4.129999995231628529e-01
4.039999961853027455e-01
4.049999922513961570e-01
4.050000011920928955e-01
4.139999985694885476e-01
4.029999971389770508e-01
3.979999989271164051e-01
3.919999986886978371e-01
4.000000029802322499e-01
4.029999971389770508e-01
3.929999977350234763e-01
3.999999970197677390e-01
3.949999988079070934e-01
3.969999939203262551e-01
3.989999949932098167e-01
4.000000000000000222e-01
3.949999928474426381e-01
3.909999996423721424e-01
3.949999958276748657e-01
4.079999983310699241e-01
3.939999967813491710e-01
4.110000014305114635e-01
3.950000017881393211e-01
3.939999967813491710e-01
4.009999960660934337e-01
4.009999990463256614e-01
3.959999978542327881e-01
3.979999989271164051e-01
3.959999978542327881e-01
3.930000007152557595e-01
