0.139
0.135
0.127
0.135
0.134
0.133
0.129
0.089
0.135
0.108
0.089
0.089
0.097
0.089
0.089
0.089
0.137
0.1
0.129
0.145
0.089
0.089
0.089
0.135
0.096
0.089
0.089
0.099
0.099
0.089
0.089
0.089
0.089
0.093
0.139
0.147
0.139
0.142
0.146
0.147
0.089
0.089
0.089
0.089
0.089
0.118
0.131
0.1
0.097
0.097
0.089
0.089
0.089
0.091
0.092
0.107
0.097
0.103
0.115
0.153
0.13
0.097
0.101
0.101
0.101
0.109
0.128
0.144
0.138
0.167
0.164
0.169
0.17
0.182
0.176
0.178
0.183
0.183
0.192
0.189
0.172
0.169
0.179
0.18
0.181
0.184
0.19
0.196
0.21
0.225
0.213
0.216
0.214
0.21
0.213
0.206
0.207
0.204
0.199
0.201
0.204
0.206
0.207
0.207
0.214
0.223
0.214
0.216
0.218
0.22
0.227
0.231
0.24
0.243
0.243
0.245
0.249
0.25
0.25
0.255
0.257
0.256
0.26
0.257
0.258
0.26
0.264
0.264
0.269
0.269
0.267
0.268
0.272
0.271
0.274
0.272
0.275
0.275
0.277
0.28
0.276
0.281
0.284
0.278
0.28
0.277
0.283
0.283
0.283
0.288
0.285
0.289
0.29
0.292
0.29
0.294
0.296
0.299
0.299
0.301
0.298
0.299
0.301
0.299
0.302
0.299
0.303
0.304
0.303
0.304
0.303
0.303
0.303
0.301
0.304
0.305
0.308
0.309
0.304
0.307
0.308
0.31
0.307
0.312
0.312
0.312
0.312
0.313
0.315
0.319
0.318
0.317
0.318
0.325
0.326
0.323
0.325
0.324
0.325
0.328
0.326
0.33
0.329
0.333
0.336
0.337
0.344
0.339
0.34
0.341
0.344
0.346
0.345
0.352
0.349
0.349
0.352
0.355
0.354
0.357
0.359
0.357
0.361
0.36
0.36
0.363
0.363
0.365
0.369
0.364
0.367
0.367
0.372
0.367
0.372
0.37
0.371
0.369
0.369
0.374
0.372
0.376
0.37
0.374
0.375
0.371
0.372
0.375
0.374
0.383
0.377
0.381
0.38
0.381
0.379
0.384
0.377
0.385
0.375
0.386
0.393
0.382
0.384
0.387
0.386
0.387
0.384
0.396
0.387
0.387
0.39
0.389
0.392
0.392
0.394
0.399
0.393
0.394
0.401
0.397
0.402
0.398
0.402
0.398
0.407
0.412
0.404
0.41
0.405
0.402
0.406
0.409
0.411
0.403
0.405
0.419
0.405
0.407
0.409
0.413
0.413
0.414
0.418
0.407
0.41
0.414
0.412
0.412
0.411
0.403
0.412
0.421
0.414
0.412
0.406
0.415
0.404
0.404
0.42
0.407
0.415
0.407
0.407
0.408
0.408
0.405
0.408
0.414
0.418
0.403
0.416
0.413
0.409
0.415
0.411
0.413
0.413
0.412
0.415
0.415
0.414
0.415
0.419
0.414
0.418
0.408
0.413
0.419
0.417
0.415
0.41
0.41
0.413
0.413
0.416
0.412
0.414
0.411
0.411
0.417
0.42
0.412
0.419
0.42
0.419
0.414
0.424
0.416
0.42
0.412
0.426
0.414
0.416
0.41
0.42
0.426
0.417
0.417
0.421
0.416
0.426
0.425
0.417
0.422
0.415
0.422
0.414
0.423
0.422
0.423
0.423
0.428
0.422
0.434
0.419
0.421
0.419
0.414
0.427
0.422
0.43
0.425
0.427
0.424
0.423
0.43
0.417
0.426
0.429
0.419
0.424
0.421
0.433
0.425
0.423
0.426
0.428
0.433
0.424
0.425
0.439
0.424
0.437
0.431
0.433
0.441
0.43
0.427
0.436
0.432
0.436
0.434
0.428
0.436
0.427
0.426
0.443
0.429
0.428
0.431
0.428
0.426
0.432
0.421
0.429
0.433
0.437
0.429
0.432
0.431
0.418
0.421
0.429
0.429
0.426
0.428
0.434
0.436
0.427
0.439
0.431
0.421
0.428
0.433
0.427
0.433
0.438
0.43
0.431
0.426
0.427
0.437
0.439
0.431
0.429
0.428
0.424
0.424
0.436
0.433
0.44
0.431
0.414
0.429
0.436
0.426
0.426
0.427
0.425
0.424
0.424
0.433
0.432
0.436
0.43
0.43
0.423
0.425
0.433
0.435
