1.750000028312206357e-01
2.320000031590461753e-01
2.520000027120113395e-01
2.480000026524066814e-01
2.470000034570694059e-01
2.690000030398368991e-01
2.410000047832727421e-01
2.890000021457672097e-01
2.710000021010637306e-01
2.620000043511390708e-01
2.740000028163194767e-01
2.630000023543834775e-01
2.430000032484531391e-01
2.730000032484531380e-01
2.690000042319297680e-01
2.720000033080577917e-01
2.640000029653311042e-01
2.550000025331973785e-01
2.660000043362378830e-01
2.690000031888484799e-01
2.660000031441450141e-01
2.850000033527612664e-01
2.880000029504299341e-01
3.090000021457672275e-01
3.010000030696391993e-01
2.940000028163194390e-01
2.980000028759240971e-01
2.860000029206276051e-01
2.880000033974647322e-01
3.230000020563602581e-01
3.010000021755695476e-01
3.300000002980232328e-01
3.330000048875808583e-01
3.230000010132789701e-01
3.370000009238720007e-01
3.440000000596046270e-01
3.360000014305114524e-01
3.320000014454126402e-01
3.520000036060810245e-01
3.610000030696391971e-01
3.510000020265579002e-01
3.610000012814998382e-01
3.340000028908252649e-01
3.060000039637088554e-01
3.370000025629997231e-01
3.550000013411044875e-01
3.490000031143427051e-01
3.619999997317790985e-01
3.389999999105930417e-01
3.550000004470348358e-01
3.310000011324882307e-01
3.590000003576278576e-01
3.470000006258487923e-01
3.490000018477439903e-01
3.380000029504299230e-01
3.680000005662441009e-01
3.670000010728836082e-01
3.529999995231628551e-01
3.820000017434358464e-01
3.650000020861625671e-01
3.670000010728836082e-01
3.710000014305114835e-01
3.860000008344650069e-01
3.860000009834766432e-01
3.679999987781047976e-01
3.890000030398368946e-01
3.840000027418136730e-01
3.849999995529651553e-01
3.830000007152557506e-01
4.180000004172325090e-01
3.949999991059303106e-01
4.040000000596046248e-01
3.889999997615813943e-01
3.760000002384185636e-01
3.800000008940696561e-01
4.020000013709068565e-01
3.810000035166740684e-01
3.760000002384185636e-01
4.040000024437904180e-01
3.819999998807906971e-01
3.950000014901161038e-01
4.060000014305114591e-01
4.040000031888484888e-01
4.150000023841857733e-01
3.900000020861625893e-01
4.040000018477439836e-01
3.860000026226043657e-01
3.860000005364417897e-01
3.850000005960464433e-01
3.920000006258487768e-01
4.150000023841857733e-01
3.929999998211860524e-01
4.160000032186508268e-01
4.219999992847442427e-01
4.110000035166740395e-01
4.010000023245811618e-01
4.100000003725290387e-01
4.050000014901161127e-01
4.250000026822089993e-01
3.840000015497207486e-01
4.200000014901161260e-01
4.130000025033950806e-01
3.790000009536743097e-01
4.130000013113022117e-01
4.160000002384185991e-01
4.210000029206276140e-01
4.190000015497207797e-01
4.040000030398369080e-01
3.920000028610229337e-01
4.120000025629997342e-01
4.000000002980232394e-01
4.060000005364418074e-01
4.089999991655349776e-01
4.090000015497207708e-01
4.159999994933605283e-01
4.149999976158141868e-01
4.180000023543834486e-01
4.229999986290931546e-01
4.200000027567148408e-01
4.120000028610229514e-01
4.100000028312206224e-01
4.230000033974647411e-01
4.380000004172325268e-01
4.190000045299530074e-01
4.320000024139881156e-01
4.300000008940696450e-01
4.089999997615814120e-01
4.279999993741512299e-01
4.060000038146972523e-01
4.400000000000000022e-01
3.989999997615814031e-01
4.320000016689300448e-01
4.480000042915344149e-01
4.359999975562095509e-01
4.290000000596046470e-01
4.279999992251395935e-01
4.400000011920928711e-01
4.179999974370002813e-01
4.480000025033950561e-01
4.320000001788139588e-01
4.470000016689300582e-01
4.120000007748603754e-01
4.270000025629997475e-01
4.470000010728836237e-01
4.100000011920928999e-01
4.210000000894069672e-01
4.240000012516975669e-01
4.319999986886978172e-01
4.220000013709068187e-01
4.150000038743019148e-01
4.179999996721744382e-01
4.060000039637088887e-01
4.050000023841857644e-01
4.390000000596046559e-01
4.190000052750110782e-01
4.239999982714652838e-01
4.370000007748603976e-01
4.300000011920929177e-01
4.290000015497207886e-01
4.330000022053718811e-01
4.480000019073486217e-01
4.440000018477439636e-01
4.300000005960464278e-01
4.299999997019767761e-01
4.280000004172325179e-01
4.389999985694885143e-01
4.320000013709068276e-01
4.239999985694885010e-01
4.260000023245811285e-01
4.120000025629997342e-01
4.259999987483024664e-01
4.409999984502792625e-01
4.430000013113021828e-01
4.340000033378600963e-01
4.270000022649764748e-01
4.130000002682209237e-01
4.180000013113021606e-01
4.170000019669533042e-01
4.370000010728836148e-01
4.400000008940696539e-01
4.340000003576278687e-01
4.400000002980232194e-01
4.080000025033950761e-01
4.359999996423721269e-01
4.259999996423721180e-01
4.150000017881393388e-01
4.390000022947788128e-01
4.380000001192093095e-01
4.190000015497207797e-01
4.370000004768371804e-01
4.210000017285346896e-01
4.249999999999999889e-01
4.410000002384185658e-01
4.280000019073486595e-01
4.360000005364417786e-01
4.240000024437904358e-01
4.340000018477440102e-01
4.289999997615814298e-01
4.500000017881393699e-01
4.550000008940696672e-01
4.269999998807907371e-01
4.280000022053718767e-01
4.220000016689300359e-01
4.390000024437904491e-01
4.460000023245811462e-01
4.360000026971102005e-01
4.359999984502792580e-01
4.070000016689300781e-01
4.409999999403953486e-01
4.380000007152557440e-01
4.460000014305114946e-01
4.440000018477439636e-01
4.409999996423721313e-01
4.310000020265579157e-01
4.340000015497207375e-01
4.390000024437904491e-01
4.390000006556510903e-01
4.359999999403953441e-01
4.530000030994415505e-01
4.570000010728836326e-01
4.470000031590461997e-01
4.320000034570694036e-01
4.320000007748603932e-01
4.410000023245811418e-01
4.590000015497207597e-01
4.420000000298023313e-01
4.280000007152557351e-01
4.620000040531158647e-01
4.489999982714653060e-01
4.349999988079071289e-01
4.509999999403953574e-01
4.550000038743018949e-01
4.640000054240226990e-01
4.429999980330467380e-01
4.400000014901161438e-01
4.300000005960464278e-01
4.599999982118606612e-01
4.390000003576278731e-01
4.360000020265579201e-01
4.480000001192092629e-01
4.509999990463257058e-01
4.529999995231628329e-01
4.480000004172325356e-01
4.530000030994415505e-01
4.440000033378601052e-01
4.270000022649764748e-01
4.300000017881393521e-01
4.560000008344650135e-01
4.580000030994415550e-01
4.400000005960464367e-01
4.510000008344650091e-01
4.449999994039535722e-01
4.450000008940696583e-01
4.379999992251396024e-01
4.459999999403953530e-01
4.540000039339065485e-01
4.349999982118606390e-01
4.609999984502792247e-01
4.470000028610229270e-01
4.449999970197677790e-01
4.490000015497207508e-01
4.480000042915344149e-01
4.370000010728836148e-01
4.469999998807906993e-01
4.580000022053718478e-01
4.479999995231628285e-01
4.420000006258487657e-01
4.480000013113021873e-01
4.459999996423721358e-01
4.319999997317791052e-01
4.340000021457672275e-01
4.549999997019767983e-01
4.640000003576278953e-01
4.700000014901161149e-01
4.530000016093254089e-01
4.370000010728836148e-01
4.400000026822090127e-01
4.310000044107437089e-01
4.460000015795230754e-01
4.360000020265579201e-01
4.520000013709068454e-01
4.609999990463256592e-01
4.570000034570693703e-01
4.550000023841858088e-01
4.389999994635582214e-01
4.379999989271163852e-01
4.380000007152557440e-01
4.440000027418136708e-01
4.340000009536743031e-01
4.390000033378601008e-01
4.430000010132789656e-01
4.340000015497207375e-01
4.590000021457671942e-01
4.430000030994415416e-01
4.460000008344650047e-01
4.640000027418136330e-01
4.360000023245811374e-01
4.460000026226043635e-01
4.479999989271163940e-01
4.199999994039535500e-01
4.459999981522559942e-01
4.310000005364418296e-01
4.280000004172325179e-01
4.470000037550926342e-01
4.380000016093253956e-01
4.199999991059303328e-01
4.400000000000000022e-01
4.190000018477439969e-01
4.250000011920929133e-01
4.170000034570693903e-01
4.250000032782554893e-01
4.149999988079071112e-01
4.390000015497207420e-01
4.439999997615814431e-01
4.339999994635582170e-01
4.360000026226043546e-01
4.190000012516975625e-01
4.320000016689300448e-01
4.389999985694885143e-01
4.330000028014183155e-01
4.330000004172325223e-01
4.299999977648258365e-01
4.540000045299529829e-01
4.309999990463256880e-01
4.300000034272670746e-01
4.240000036358833047e-01
4.460000008344650047e-01
4.420000010728836193e-01
4.160000029206276095e-01
4.190000031888485021e-01
4.200000008940696916e-01
4.079999983310699241e-01
4.200000023841857777e-01
4.420000001788139121e-01
4.240000027418136530e-01
4.040000016987324027e-01
4.270000019669532576e-01
4.340000009536743031e-01
4.340000015497207375e-01
4.270000019669532576e-01
4.250000008940696961e-01
4.190000021457672141e-01
4.160000029206276095e-01
4.180000008642673626e-01
4.270000004768371715e-01
4.290000018477440058e-01
4.310000032186508401e-01
4.260000026226043457e-01
4.370000019669532665e-01
4.200000017881393433e-01
4.529999992251396157e-01
4.340000039339065308e-01
4.320000013709068276e-01
4.280000028014183111e-01
4.260000005364418252e-01
4.170000022649765214e-01
4.330000019073486084e-01
4.470000025629997098e-01
4.280000010132789523e-01
4.130000019073486461e-01
4.480000013113021873e-01
4.240000003576278598e-01
4.430000004172325312e-01
4.200000017881393433e-01
4.519999998807907038e-01
4.300000002980232106e-01
4.370000007748603976e-01
4.350000005960464322e-01
4.400000011920928711e-01
4.220000030100345412e-01
4.180000048875808782e-01
4.150000008940696872e-01
4.280000025033950939e-01
4.430000001192093140e-01
4.300000011920929177e-01
4.150000026822089905e-01
4.409999999403953486e-01
4.349999994039535633e-01
4.500000020861625871e-01
4.329999992251395979e-01
4.390000006556510903e-01
4.440000021457672363e-01
4.230000014603138014e-01
4.309999987483024708e-01
4.460000032186507979e-01
4.369999991357326752e-01
4.170000010728835971e-01
4.180000007152557262e-01
4.369999980926513872e-01
4.160000002384185991e-01
4.170000004768371626e-01
4.320000007748603932e-01
4.449999988079070823e-01
4.330000013113021740e-01
4.320000019669532620e-01
4.269999995827674644e-01
4.319999992847442516e-01
4.490000021457671853e-01
4.500000023841858043e-01
4.470000006258487701e-01
4.379999998211860923e-01
4.290000006556510814e-01
4.100000010430812636e-01
4.100000015646219076e-01
4.260000008344650424e-01
4.040000030398369080e-01
4.350000026822090082e-01
4.260000017285346940e-01
4.129999980330467113e-01
4.280000010132789523e-01
4.120000022649765170e-01
4.080000017583370053e-01
4.370000025629997009e-01
4.070000028610229470e-01
4.010000023245811618e-01
4.229999989271163718e-01
4.210000038146972656e-01
4.170000004768371626e-01
4.229999992251396446e-01
4.280000016093253867e-01
4.289999994635582126e-01
4.399999997019767850e-01
4.400000032782554471e-01
4.120000019669532998e-01
4.439999970793724327e-01
4.230000039935111755e-01
4.350000029802322254e-01
4.130000004172325045e-01
4.280000001192093007e-01
4.139999994635581992e-01
4.329999992251395979e-01
4.460000020265579290e-01
4.490000003576278820e-01
4.140000009536743408e-01
4.370000031590461909e-01
4.150000004470348336e-01
4.300000002980232106e-01
4.160000014305114679e-01
4.270000031590461820e-01
4.210000002384186035e-01
4.400000020861625782e-01
4.259999981522560319e-01
4.430000010132789656e-01
4.130000038444995858e-01
3.990000009536743275e-01
4.120000013709068098e-01
3.640000006556510792e-01
4.000000026822090327e-01
4.010000011324882374e-01
4.099999997019767584e-01
4.010000002384185858e-01
3.880000004172325379e-01
4.080000036954880005e-01
4.020000022649765081e-01
4.219999998807907327e-01
4.230000013113021651e-01
4.100000026822090415e-01
4.130000010132789390e-01
4.189999997615814209e-01
4.120000040531158203e-01
4.039999997615814076e-01
4.070000013709068054e-01
4.090000003576278464e-01
4.059999996423721558e-01
4.020000022649765081e-01
3.990000009536743275e-01
4.260000032186508356e-01
4.169999992847442383e-01
4.320000004768371760e-01
4.160000011324882507e-01
4.059999999403953730e-01
3.990000003576278931e-01
4.150000005960464700e-01
3.990000012516975447e-01
4.040000006556511147e-01
4.070000025629997298e-01
3.950000014901161038e-01
4.020000016689300737e-01
3.999999995529651686e-01
4.210000026226043968e-01
4.090000024437904225e-01
4.220000025629997431e-01
4.100000011920928999e-01
4.100000023841857688e-01
3.990000018477439792e-01
4.119999977946281478e-01
4.239999985694885010e-01
4.140000024437904269e-01
4.070000000298023002e-01
3.990000021457671964e-01
4.219999992847442427e-01
4.280000028014183111e-01
3.899999997019767961e-01
4.079999995231628485e-01
3.950000035762786799e-01
4.059999987483024486e-01
3.940000003576278886e-01
4.210000011324882552e-01
4.290000009536742986e-01
4.150000008940696872e-01
4.010000017285346718e-01
4.060000017285346763e-01
3.980000004172324912e-01
4.000000026822090327e-01
4.160000020265579024e-01
4.249999991059303373e-01
4.099999988079071067e-01
4.199999994039535500e-01
4.380000010132789612e-01
4.219999983906745911e-01
4.150000038743019148e-01
3.910000024735927338e-01
4.090000018477439880e-01
4.170000012218952334e-01
3.839999991655349554e-01
3.920000013709068476e-01
4.020000046491623014e-01
3.950000000000000178e-01
4.119999998807907238e-01
4.099999985098838895e-01
4.149999994039535456e-01
4.000000010430813102e-01
4.040000015497207664e-01
4.010000008344650202e-01
3.860000002384185724e-01
3.990000012516975447e-01
3.810000029206275785e-01
3.870000004768371360e-01
3.820000019669532731e-01
3.850000007450580797e-01
4.090000030398368569e-01
4.060000038146972523e-01
3.580000017583370164e-01
3.790000009536743097e-01
3.800000010430812925e-01
3.859999965131282740e-01
3.670000013709068254e-01
3.620000015199184573e-01
3.750000010430812880e-01
3.510000023245811729e-01
3.440000018477439858e-01
3.550000008940696894e-01
3.680000005662441009e-01
3.650000007450580619e-01
3.920000022649764992e-01
3.810000008344650024e-01
3.640000018477440036e-01
3.620000001788139521e-01
3.620000000298023157e-01
3.630000016093253845e-01
3.529999994486570092e-01
3.580000004917383016e-01
3.539999994635582015e-01
3.470000003278255196e-01
3.270000019669532798e-01
3.570000028610229581e-01
3.720000004768371782e-01
3.850000002980232261e-01
3.670000040531158358e-01
3.590000027418136508e-01
3.650000011920929155e-01
3.630000016093253845e-01
3.450000029802322565e-01
3.800000020861625805e-01
3.749999989569187120e-01
3.690000040829181649e-01
3.770000020414590591e-01
3.439999984204769046e-01
3.749999997019767828e-01
3.880000023543834775e-01
3.740000024437904469e-01
3.640000012516975136e-01
3.460000021755695321e-01
3.680000001192093029e-01
3.510000011324882485e-01
3.130000028014183200e-01
3.290000014007091744e-01
3.490000021457672075e-01
3.050000025331974229e-01
2.900000020861625560e-01
3.160000018775462882e-01
3.050000041723251454e-01
3.210000008344650047e-01
3.420000027120113639e-01
3.540000006556510703e-01
3.380000029504299230e-01
2.870000018924474539e-01
2.920000025629997387e-01
3.000000023841857821e-01
3.360000021755695232e-01
3.399999998509883881e-01
3.130000009387731708e-01
3.610000020265579090e-01
3.510000005364418141e-01
3.480000001192092851e-01
3.520000027865171632e-01
3.430000015348195763e-01
3.360000027716159576e-01
3.360000035911798744e-01
3.480000004172325023e-01
3.460000023245811684e-01
3.220000026375055557e-01
3.450000017881393322e-01
3.550000020861625583e-01
3.410000021755695276e-01
3.480000004172325023e-01
3.450000002980232461e-01
3.340000024437904114e-01
3.330000036954879894e-01
3.399999992549419536e-01
3.460000006854533905e-01
3.460000002384185924e-01
3.640000009536742964e-01
3.510000014305114657e-01
3.420000015944242300e-01
3.470000016689300804e-01
3.410000005364418052e-01
3.440000028908252738e-01
3.490000025928020611e-01
3.480000001192092851e-01
3.420000021159648740e-01
3.380000022053718522e-01
3.550000011920929066e-01
3.539999994635582015e-01
3.310000008344650135e-01
3.280000010132789745e-01
3.360000011324882352e-01
3.220000016689300582e-01
3.230000022798776849e-01
3.410000017285346741e-01
3.340000028908252649e-01
3.670000028610229670e-01
3.640000013262033596e-01
3.580000010132789456e-01
3.649999999999999911e-01
3.630000004172325156e-01
3.420000000298022980e-01
3.340000003576278909e-01
3.410000021755695276e-01
3.530000041425228052e-01
3.609999994933605350e-01
3.220000009238719874e-01
3.290000011026859017e-01
3.480000022053718611e-01
3.280000016838311994e-01
3.570000009238720184e-01
3.510000005364418141e-01
3.480000010132789368e-01
3.650000005960464255e-01
3.610000023245811263e-01
3.530000022053718656e-01
3.550000010430812702e-01
3.280000021308660529e-01
3.460000003874301733e-01
3.570000001788139476e-01
3.500000013411044830e-01
3.390000025928020522e-01
3.480000014603137903e-01
3.390000016987324005e-01
3.180000010132789656e-01
3.600000011920929111e-01
3.330000007152557617e-01
3.260000030696392215e-01
3.500000011920929022e-01
3.450000013411045341e-01
3.230000022053718389e-01
3.490000011026859195e-01
3.389999997615814054e-01
3.610000029206276162e-01
3.390000009536743297e-01
3.430000007152557151e-01
3.540000027418136463e-01
3.510000000894069605e-01
3.620000025629997453e-01
3.530000019073486484e-01
3.370000001788139299e-01
3.479999995231628507e-01
3.490000027418136419e-01
3.720000016689300470e-01
3.550000014901161238e-01
3.620000028610229625e-01
3.450000008940696805e-01
3.620000012964010305e-01
3.600000044703483559e-01
3.580000022053718700e-01
3.370000008493662103e-01
3.410000024735927449e-01
3.400000023841858177e-01
3.550000011920929066e-01
3.610000005364418230e-01
3.590000018477439991e-01
3.610000002384186057e-01
3.510000000894069605e-01
3.490000021457672075e-01
3.630000013113021673e-01
3.550000006705522626e-01
3.510000001639127509e-01
3.650000008940696983e-01
3.690000039339065285e-01
3.570000000298023113e-01
3.390000009536743297e-01
3.590000009536742920e-01
3.610000000894069694e-01
3.310000020265579379e-01
3.380000017583369987e-01
3.550000023841857755e-01
3.580000036954879561e-01
3.640000014007091500e-01
3.699999989569187075e-01
3.630000032484531625e-01
3.510000014305114657e-01
3.709999997913837610e-01
3.550000005960464722e-01
3.690000009536743009e-01
3.490000019222497807e-01
3.460000003874301733e-01
3.510000020265579002e-01
3.420000016689300759e-01
3.540000012516975603e-01
3.300000035762786776e-01
3.450000005960464633e-01
3.440000006556511170e-01
3.280000001192092673e-01
3.420000007748603688e-01
3.520000022649765192e-01
3.250000028312206024e-01
3.540000030398368636e-01
3.410000011324882396e-01
3.360000006854534371e-01
3.490000015497207730e-01
3.350000014901161061e-01
3.370000010728835815e-01
3.450000043213367618e-01
3.270000015199184262e-01
3.250000022351741680e-01
3.530000026524067192e-01
3.420000003278255707e-01
3.520000044256448857e-01
3.090000019967555911e-01
3.190000017732381732e-01
3.210000029206275807e-01
3.390000018477439814e-01
3.440000024437904202e-01
3.300000034272670968e-01
3.190000019967556000e-01
3.390000030398369057e-01
3.420000019669532931e-01
3.340000012516975425e-01
3.230000034719705537e-01
3.399999994039535345e-01
3.409999987483024464e-01
3.390000022202730445e-01
3.450000013411045341e-01
3.480000022053718611e-01
3.269999998807907038e-01
3.440000025928020566e-01
3.480000004172325023e-01
3.370000007748603643e-01
3.440000009536743342e-01
3.580000020563602336e-01
3.460000032931566105e-01
3.600000008940696938e-01
3.700000014901161371e-01
3.440000021457672030e-01
3.659999999403953375e-01
3.700000020861625716e-01
3.530000010132789412e-01
3.830000017583370386e-01
3.200000016391277291e-01
3.280000020563602625e-01
3.490000015497207730e-01
3.400000011920928933e-01
3.430000020563602203e-01
3.550000017881393410e-01
3.589999994635582059e-01
3.600000025331974163e-01
3.550000032782554826e-01
3.599999999999999867e-01
3.400000022351741813e-01
3.450000005960464633e-01
3.400000020861625449e-01
3.270000030100345678e-01
3.470000040531158181e-01
3.420000015199184396e-01
3.530000019073486484e-01
3.480000029504299319e-01
3.710000029206275696e-01
3.520000016689300293e-01
3.520000037550926053e-01
3.550000008940696894e-01
3.639999988675117759e-01
3.530000019073486484e-01
3.500000017881393366e-01
3.570000016689300337e-01
3.620000029355287530e-01
3.350000019371509596e-01
3.360000015795230888e-01
3.320000031590461531e-01
3.710000029206275696e-01
3.480000016093254267e-01
3.380000011622905642e-01
3.420000036060810156e-01
3.440000000596046270e-01
3.380000004917383394e-01
3.440000031143427006e-01
3.460000024735927493e-01
3.480000024288892879e-01
3.499999998509883969e-01
3.360000032931566016e-01
3.430000025033950739e-01
3.400000027567148253e-01
3.350000008940696716e-01
3.320000027120113550e-01
3.310000000149011523e-01
3.430000025779008643e-01
3.360000014305114524e-01
3.270000030100345678e-01
3.270000019669532798e-01
3.120000016689300493e-01
3.140000028908252472e-01
3.450000008940696805e-01
3.420000010728835860e-01
3.360000026971101672e-01
3.180000029504299053e-01
3.430000035464763619e-01
3.360000020265579423e-01
3.440000009536743342e-01
3.200000034272670879e-01
3.460000012814998804e-01
3.540000003576278531e-01
3.550000020861625583e-01
3.360000012814998716e-01
3.410000029206275984e-01
3.160000036656856470e-01
3.140000031888485199e-01
3.260000008344650091e-01
3.270000028610229315e-01
3.200000027567148075e-01
3.390000021457671986e-01
3.020000022649764748e-01
3.040000032633543015e-01
3.230000016093254045e-01
2.940000018477439969e-01
3.020000032335519724e-01
3.220000019669532754e-01
2.730000021308660596e-01
2.540000046044588178e-01
2.620000033825635732e-01
2.770000028610229426e-01
3.010000012814998405e-01
2.980000010132789479e-01
2.800000035017728983e-01
2.990000003576278598e-01
2.870000034570693859e-01
2.970000016689300359e-01
3.030000026524066747e-01
2.930000027269125118e-01
3.020000013709068232e-01
2.870000029355287419e-01
2.930000030994415194e-01
2.980000028014183067e-01
3.130000010877847516e-01
3.100000008940696494e-01
3.180000032484531225e-01
2.990000021457672186e-01
3.090000014007091567e-01
3.030000017583370231e-01
3.010000009834766233e-01
3.030000019073486595e-01
3.030000017583370231e-01
2.930000006407499358e-01
3.180000013113021828e-01
3.000000010430812769e-01
2.890000014007091389e-01
3.010000009834766233e-01
2.800000027567148275e-01
2.920000027120113195e-01
3.090000019222498007e-01
3.030000033974647455e-01
3.050000038743019282e-01
3.120000029355287641e-01
2.850000014901161172e-01
2.680000031739473432e-01
2.900000025331974096e-01
2.940000030398368658e-01
2.650000008195638745e-01
2.560000015050172828e-01
2.740000031143426940e-01
2.820000010728835882e-01
2.810000017285346763e-01
2.960000007599592475e-01
2.820000026375055202e-01
2.940000034123659289e-01
2.810000005364418074e-01
3.020000019669532576e-01
2.770000028610229426e-01
2.760000026971101694e-01
2.860000018775463171e-01
2.790000019222497740e-01
2.730000030249357112e-01
2.930000032484531558e-01
2.680000020563602647e-01
2.570000048726797104e-01
2.530000036954879739e-01
2.430000025779008865e-01
2.620000017434358508e-01
2.600000020116567390e-01
2.550000029057264417e-01
2.770000033080577961e-01
2.790000028908252716e-01
2.710000029206275918e-01
2.630000026524066947e-01
2.720000041276216529e-01
2.640000032633543214e-01
2.660000024735927338e-01
2.540000025928020322e-01
2.760000032186508134e-01
2.610000017285347140e-01
2.990000028908252894e-01
2.760000012814998738e-01
2.570000033080577784e-01
2.610000044107437245e-01
2.540000025928020322e-01
2.620000023394822852e-01
2.610000012814998605e-01
2.530000030249357490e-01
2.670000036060810045e-01
2.350000026077032067e-01
2.380000030249357357e-01
2.490000011771917321e-01
2.660000017285347185e-01
2.570000024139881267e-01
2.510000015795230688e-01
2.710000018775463038e-01
2.620000027120113484e-01
2.570000040531158492e-01
2.300000017881393410e-01
2.510000032931566372e-01
2.550000021606683709e-01
2.670000024139881356e-01
2.340000025182962518e-01
2.470000035315751963e-01
2.340000031888485044e-01
1.950000025331974085e-01
2.170000036060810156e-01
2.290000032633542904e-01
2.120000030845403671e-01
2.410000027716159843e-01
2.130000030249357135e-01
2.090000038594007625e-01
1.860000035911798522e-01
2.090000025182962295e-01
2.080000030994415272e-01
1.820000036060810122e-01
1.790000024437904402e-01
1.960000029206275807e-01
1.930000042170286201e-01
1.820000036060810122e-01
1.610000026971101783e-01
1.560000031441449997e-01
1.460000025480985564e-01
1.350000028312206279e-01
1.680000034719705548e-01
1.530000029504299253e-01
1.450000033527612808e-01
1.580000028014182933e-01
1.510000027716159876e-01
1.590000022202730234e-01
1.220000024139881178e-01
1.250000026077032200e-01
1.190000023692846243e-01
1.550000023841857921e-01
1.540000025182962362e-01
1.390000027418136497e-01
1.750000035017728883e-01
1.630000036954879772e-01
1.780000030994415283e-01
1.670000027120113473e-01
1.620000024139881256e-01
1.520000030100345512e-01
1.520000036060810134e-01
1.580000033974647555e-01
1.610000028461217869e-01
1.610000029206276051e-01
1.620000031590461687e-01
1.640000028163194623e-01
1.620000037550926308e-01
1.630000022053718634e-01
1.500000041723251465e-01
1.410000028461217969e-01
1.270000024139881223e-01
1.160000022500753403e-01
1.270000026375055213e-01
1.240000029653310770e-01
1.230000022798776599e-01
1.340000025928020366e-01
1.250000025331974018e-01
1.160000025480985575e-01
1.120000028610229487e-01
1.220000021904706911e-01
