2.470000025629997265e-01
2.690000018477439747e-01
2.500000032037496545e-01
2.540000030398368858e-01
2.180000027269125007e-01
2.820000016689300781e-01
2.460000033676624231e-01
2.680000031739473432e-01
2.590000021457672386e-01
2.790000033378601252e-01
2.640000034123659023e-01
2.160000037401914597e-01
2.520000030100345567e-01
2.760000022500753158e-01
2.750000020861625427e-01
2.440000031143426951e-01
2.670000025629997165e-01
2.520000019669532687e-01
2.590000019967556022e-01
2.770000022649765081e-01
2.630000023543834775e-01
2.760000026226043790e-01
2.820000031590461642e-01
2.880000019818544366e-01
2.690000037103891239e-01
2.640000018477439703e-01
2.760000015795230910e-01
2.760000012814998738e-01
2.590000013262033218e-01
2.920000019669533042e-01
3.040000030398368747e-01
3.080000013858079644e-01
3.020000027120113284e-01
2.800000031292438352e-01
3.000000006705522693e-01
2.940000028908252849e-01
3.160000015795230710e-01
2.960000023245811240e-01
2.980000014603138014e-01
3.020000023394823208e-01
2.760000022500753158e-01
2.970000034570693948e-01
2.800000029802322543e-01
3.070000027120113328e-01
2.660000030696392237e-01
2.880000018328428002e-01
2.720000016689300693e-01
2.590000022202730290e-01
2.920000011473893875e-01
2.910000015795231043e-01
3.010000038146972701e-01
2.940000006556510725e-01
2.950000026077032045e-01
2.910000017285346852e-01
2.810000025480985375e-01
2.920000029355287463e-01
2.860000018775463171e-01
3.060000030696392037e-01
2.240000028163194601e-01
3.010000024735927648e-01
3.000000019371509286e-01
2.790000027418136352e-01
3.040000013262033618e-01
2.960000014305114724e-01
3.030000022053718767e-01
3.110000014305114857e-01
2.950000032037496389e-01
3.110000015795230666e-01
2.770000022649765081e-01
3.010000032186508356e-01
2.990000000596046426e-01
2.940000030398368658e-01
2.690000035613775431e-01
2.880000039190053762e-01
2.830000042170286445e-01
2.920000021159648851e-01
2.890000015497207753e-01
2.990000028908252894e-01
3.010000019520521208e-01
2.900000019371509752e-01
2.970000030100345412e-01
2.910000012814998871e-01
2.940000035613775098e-01
2.770000017434358641e-01
3.000000008940696961e-01
3.220000017434358486e-01
2.830000019073486417e-01
2.620000017434358508e-01
2.800000033527612620e-01
2.570000038295984224e-01
2.830000035464763641e-01
2.780000036954879961e-01
2.750000024586916059e-01
2.880000022053718634e-01
3.030000008642673714e-01
2.860000026971101783e-01
2.970000015199184551e-01
2.970000024139881067e-01
2.720000019669532865e-01
2.899999998509883992e-01
2.920000025629997387e-01
2.910000021755695387e-01
2.950000037252902829e-01
2.830000010877847805e-01
2.910000029206276095e-01
2.860000022500753247e-01
3.080000016093253912e-01
2.680000032484531336e-01
2.810000024735927471e-01
2.840000014752149804e-01
2.960000026226043968e-01
2.960000017285346896e-01
2.820000022649765126e-01
2.950000011920929088e-01
3.000000007450580597e-01
2.720000009983777889e-01
2.920000032335519635e-01
2.950000038743019193e-01
2.880000017583370098e-01
3.000000037252902874e-01
2.890000019967555733e-01
3.040000019967555867e-01
3.020000039041042528e-01
3.060000019520521253e-01
2.800000013411045319e-01
2.760000026971101694e-01
2.780000031739473521e-01
2.600000018626451581e-01
3.100000023841857910e-01
2.790000034868717060e-01
2.880000023543834442e-01
3.100000022351741547e-01
2.940000021457672141e-01
2.920000009983778066e-01
2.840000014752149804e-01
3.030000028759241015e-01
2.830000041425227986e-01
2.870000029355287419e-01
2.940000018477439969e-01
2.740000035613775475e-01
3.060000008344650468e-01
3.040000023692846498e-01
2.600000028312206002e-01
2.770000024884939349e-01
2.950000025331974141e-01
2.830000019818544321e-01
2.890000034123659245e-01
2.840000019222497785e-01
2.780000022798776449e-01
2.830000025033950761e-01
2.420000021904706866e-01
2.690000025182962551e-01
3.000000025331974185e-01
3.100000019371509374e-01
2.970000026375055335e-01
2.780000025779008621e-01
2.790000015497207664e-01
2.620000027120113484e-01
2.430000039190053918e-01
2.940000009536742898e-01
2.860000020265578979e-01
2.850000017881393344e-01
3.040000033378600919e-01
2.780000025033950717e-01
2.930000036954879539e-01
2.980000022053718722e-01
2.850000019371509707e-01
2.890000019967555733e-01
2.820000016689300781e-01
2.790000023692846276e-01
2.820000024139880934e-01
3.010000014305114768e-01
2.710000029206275918e-01
2.720000037550926453e-01
2.900000013411044852e-01
2.910000002384185991e-01
2.870000012218952290e-01
2.770000022649765081e-01
2.670000036060810045e-01
2.940000037848949366e-01
2.920000024139881023e-01
2.520000027865171299e-01
2.770000041276216574e-01
3.010000014305114768e-01
2.960000039637089020e-01
2.960000014305114724e-01
2.930000036954879539e-01
2.800000016391277491e-01
2.530000033229589662e-01
2.860000029206276051e-01
2.920000025629997387e-01
2.420000027865171488e-01
2.820000012964010150e-01
2.930000030994415194e-01
2.790000021457672008e-01
2.840000042319297813e-01
2.940000022947788505e-01
3.080000028014183155e-01
3.000000027567148453e-01
2.840000017732381976e-01
2.910000017285346852e-01
2.660000027716160065e-01
3.010000009834766233e-01
2.890000022947788461e-01
2.900000011920929044e-01
2.560000023245811440e-01
2.400000041723251432e-01
2.810000038146972523e-01
2.610000023245811485e-01
3.100000005960464322e-01
2.910000021755695387e-01
2.910000023990869655e-01
2.900000016391277580e-01
2.940000002086162745e-01
2.780000022798776449e-01
2.820000033825635910e-01
2.870000026375055246e-01
2.900000031292438440e-01
2.870000034570693859e-01
2.710000022500753669e-01
2.830000024288892857e-01
2.990000008791685038e-01
2.850000015646219076e-01
2.690000021457671919e-01
2.860000029206276051e-01
2.940000027418136486e-01
2.820000030845403738e-01
2.770000024139880890e-01
2.720000029355287285e-01
2.720000018179416501e-01
2.920000027120113195e-01
2.660000017285347185e-01
2.980000014603138014e-01
2.800000032782554715e-01
2.830000027269125029e-01
2.900000037252902785e-01
2.740000032633542748e-01
3.020000020414591035e-01
2.880000032484531514e-01
2.880000030994415150e-01
2.860000019520521075e-01
2.890000026673078537e-01
2.910000003874301799e-01
2.850000017881393344e-01
2.810000020265579490e-01
2.820000027865171566e-01
3.010000040382146969e-01
3.040000017732381599e-01
2.910000041872262688e-01
2.870000033080578050e-01
2.750000026077031867e-01
2.840000016242265612e-01
2.720000027120113573e-01
2.780000024288892813e-01
2.720000028610229381e-01
2.700000008940696694e-01
2.690000027418136819e-01
2.780000014603137837e-01
2.800000014901161127e-01
2.770000014454126469e-01
2.660000032931566505e-01
2.820000012218952246e-01
3.000000014901161305e-01
2.900000035762786976e-01
2.970000018179416723e-01
2.780000023543834908e-01
2.760000026226043790e-01
2.750000020861625427e-01
2.650000034272670946e-01
2.770000025629997253e-01
2.650000022351741702e-01
2.760000022500753158e-01
2.920000030845403827e-01
2.760000017285346718e-01
2.650000015646219453e-01
2.840000025928020588e-01
2.770000018924474450e-01
2.690000020712614015e-01
2.890000010281801313e-01
2.790000010281801224e-01
2.780000019073486373e-01
2.840000029653310665e-01
2.670000026375055069e-01
2.810000032931566083e-01
2.880000009387731486e-01
2.840000027418136397e-01
2.890000001341104241e-01
2.840000038594007736e-01
2.830000041425227986e-01
2.640000031888484755e-01
2.740000031888484844e-01
2.890000026673078537e-01
2.760000026971101694e-01
2.750000018626451714e-01
2.840000022947788416e-01
2.820000016689300781e-01
2.680000028759241260e-01
2.950000023841857777e-01
2.800000036507844792e-01
2.650000024586915970e-01
2.990000021457672186e-01
2.790000024437904180e-01
2.780000022053718545e-01
2.770000023394822986e-01
2.790000031143426984e-01
2.790000021457672008e-01
2.580000022798776826e-01
2.730000025033950672e-01
2.840000028908252760e-01
2.650000036507844658e-01
2.560000021755695077e-01
2.630000032484531292e-01
2.760000023245811618e-01
2.760000007599592298e-01
2.360000026971101894e-01
2.600000007450580797e-01
2.660000020265579357e-01
2.690000025928020455e-01
2.780000021308660640e-01
2.680000019818544188e-01
2.600000043213367418e-01
2.830000029504299297e-01
2.980000023543834531e-01
2.690000014007091766e-01
2.850000031292438396e-01
2.790000017732381932e-01
2.630000027269124852e-01
2.730000036954879916e-01
2.700000025331973919e-01
2.650000018626451626e-01
2.750000026822090327e-01
2.690000031143426895e-01
2.650000039488077386e-01
2.940000008791684993e-01
2.730000015348196252e-01
2.760000032931566039e-01
2.720000018179416501e-01
2.540000037103891106e-01
2.480000025779008910e-01
2.640000030398368946e-01
2.750000023841858154e-01
2.580000025779008999e-01
2.690000026673078359e-01
2.590000014007091678e-01
2.600000028312206002e-01
2.670000033825635777e-01
2.860000029951333955e-01
2.610000032186508001e-01
2.780000036954879961e-01
2.720000043511390797e-01
2.750000026822090327e-01
2.710000027716159554e-01
2.590000031888484711e-01
2.420000029355287574e-01
2.680000035464763508e-01
2.770000031590461598e-01
2.690000036358833335e-01
2.680000010132789767e-01
2.640000034123659023e-01
2.650000017881393166e-01
2.740000006556511103e-01
2.550000021606683709e-01
2.710000012069940789e-01
2.590000013262033218e-01
2.650000023096799606e-01
2.410000036656856637e-01
2.620000012964009972e-01
2.860000008344650291e-01
2.600000013411045141e-01
2.640000034123659023e-01
2.670000034570694236e-01
2.610000023245811485e-01
2.610000027716160020e-01
2.650000019371509530e-01
2.610000029951333733e-01
2.710000023245811573e-01
2.690000039339065507e-01
2.620000025629997120e-01
2.690000025928020455e-01
2.750000022351741791e-01
2.720000014454126425e-01
2.770000007748603665e-01
2.710000017285347229e-01
2.640000031143426851e-01
2.800000026077031912e-01
2.710000015795230865e-01
2.580000030994415439e-01
2.600000023841858021e-01
2.590000035613775342e-01
2.650000033527612486e-01
2.450000028312206146e-01
2.720000030845403649e-01
2.780000039190053673e-01
2.750000017136335351e-01
2.700000023096799651e-01
2.760000026971101694e-01
2.720000024884939305e-01
2.800000039488076964e-01
2.820000032335519546e-01
2.710000026226043746e-01
2.700000017136335306e-01
2.700000014901161038e-01
2.670000015944242744e-01
2.700000028312206091e-01
2.540000029653310953e-01
2.640000037103891195e-01
2.810000018775463126e-01
2.660000023245811529e-01
2.610000021755695121e-01
2.610000020265579312e-01
2.590000026673078271e-01
2.600000019371509485e-01
2.740000016987323983e-01
2.660000021755695165e-01
2.610000033676624365e-01
2.820000012964010150e-01
2.670000044256448657e-01
2.590000042319297591e-01
2.700000022351741746e-01
2.630000019818544144e-01
2.640000025182962506e-01
2.650000029057264506e-01
2.740000021457671964e-01
2.680000027269124896e-01
2.530000033229589662e-01
2.660000019520520897e-01
2.560000040382146569e-01
2.620000015199184240e-01
2.580000030994415439e-01
2.760000032186508134e-01
2.630000036209821923e-01
2.760000029206275962e-01
2.890000036358833513e-01
2.490000022947788105e-01
2.740000025182962595e-01
2.740000028163194767e-01
2.770000024139880890e-01
2.700000031292438263e-01
2.290000030398368913e-01
2.630000019073486239e-01
2.720000019669532865e-01
2.770000024139880890e-01
2.610000032186508001e-01
2.770000011473894297e-01
2.570000030100345612e-01
2.690000035613775431e-01
2.830000022798776493e-01
2.550000026077032245e-01
2.640000024437904602e-01
2.790000024437904180e-01
2.530000025033951050e-01
2.570000012964010483e-01
2.700000023096799651e-01
2.530000024288892591e-01
2.650000035762786754e-01
2.690000032633543259e-01
2.500000029802322277e-01
2.560000028461217880e-01
2.680000019073486284e-01
2.430000030994415305e-01
2.480000028014183178e-01
2.600000020861625849e-01
2.190000035613775264e-01
2.620000028610229292e-01
2.470000024139881178e-01
2.540000022202730245e-01
2.640000031888484755e-01
2.550000036507845125e-01
2.590000029653310998e-01
2.660000029206275873e-01
2.580000014603138214e-01
2.800000029802322543e-01
2.590000017732381754e-01
2.600000029057264461e-01
2.680000033974647700e-01
2.540000028908252494e-01
2.530000030249357490e-01
2.520000037550926275e-01
2.570000030845403516e-01
2.640000036358833291e-01
2.680000016838312016e-01
2.660000048577785270e-01
2.540000022202730245e-01
2.720000033825635821e-01
2.720000026375055113e-01
2.620000027865171388e-01
2.690000030398368991e-01
2.810000015795230954e-01
2.660000018775462993e-01
2.560000014305114924e-01
2.840000017732381976e-01
2.650000029057264506e-01
2.650000020861625893e-01
2.600000018626451581e-01
2.620000031590461465e-01
2.680000028014182800e-01
2.660000021755695165e-01
2.310000018030405056e-01
2.540000023692846054e-01
2.610000008344650069e-01
2.530000030994415394e-01
2.550000014901161460e-01
2.570000016689300559e-01
2.570000015199184196e-01
2.610000015795230777e-01
2.640000028908252583e-01
2.630000002682209015e-01
2.720000019669532865e-01
2.660000032931566505e-01
2.650000032037496678e-01
2.430000014603138081e-01
2.630000026524066947e-01
2.740000028163194767e-01
2.700000029802322454e-01
2.620000028610229292e-01
2.600000029057264461e-01
2.800000046193599768e-01
2.760000009089708106e-01
2.620000021904707044e-01
2.760000032186508134e-01
2.660000021755695165e-01
2.710000018775463038e-01
2.500000036507845080e-01
2.520000026375055491e-01
2.610000031441450097e-01
2.560000036656856492e-01
2.690000054240226923e-01
2.230000029504299042e-01
2.690000029653310532e-01
2.450000023841857888e-01
2.580000038444996147e-01
2.690000022947788283e-01
2.280000036209821612e-01
2.500000026822090105e-01
2.770000024139880890e-01
2.570000035315752052e-01
2.680000024288892724e-01
2.310000030696391926e-01
2.650000039488077386e-01
2.290000023692846387e-01
2.410000015795230877e-01
2.290000032633542904e-01
2.560000026226043612e-01
2.440000025182962329e-01
2.530000027269124763e-01
2.380000027269124907e-01
2.460000028461217791e-01
2.520000030100345567e-01
2.450000024586916070e-01
2.510000029951334199e-01
2.490000027418136641e-01
2.100000031292438563e-01
2.460000036656856404e-01
2.450000023096799984e-01
2.530000041425228274e-01
2.330000028014183044e-01
2.550000015646219365e-01
2.510000010579824248e-01
2.380000023543834553e-01
2.290000038594007525e-01
2.410000035166740551e-01
2.560000026226043612e-01
2.530000025033951050e-01
2.400000036507844992e-01
2.460000029951333878e-01
2.450000017136335362e-01
2.620000017434358508e-01
2.560000041127205028e-01
2.620000031590461465e-01
2.530000021308660418e-01
2.510000037401914352e-01
2.490000022202730201e-01
2.470000020414590824e-01
2.380000023543834553e-01
2.450000018626451448e-01
2.410000026226043757e-01
2.190000028908252738e-01
2.640000025182962506e-01
1.840000027418136619e-01
1.950000029057264439e-01
2.340000019222497896e-01
2.420000028610229392e-01
2.450000026077032156e-01
2.570000030100345612e-01
2.540000016242265901e-01
1.740000031888485066e-01
1.990000044554471881e-01
2.190000037848949532e-01
2.150000036507845047e-01
2.300000037997960989e-01
2.360000044852495205e-01
2.450000021606683620e-01
2.430000040680170004e-01
2.440000019222497984e-01
2.460000029951333878e-01
2.430000014603138081e-01
2.570000031590461975e-01
2.460000032186508145e-01
2.540000029653310953e-01
2.510000021755695587e-01
2.130000030249357135e-01
2.620000022649764948e-01
2.530000022798776782e-01
2.520000028610229759e-01
2.310000035911798366e-01
2.300000029057264195e-01
2.140000046789646282e-01
2.300000031292438463e-01
2.350000024586915981e-01
2.490000033378600985e-01
2.240000034123659223e-01
2.450000023841857888e-01
2.060000023245811551e-01
2.380000036209821701e-01
2.390000026673078648e-01
2.270000020414590924e-01
2.270000043511390675e-01
2.350000036507844947e-01
2.410000023990869489e-01
2.250000021606683720e-01
2.220000018924474794e-01
2.470000043511390575e-01
2.170000025629997276e-01
2.250000022351741902e-01
2.160000027716159898e-01
2.280000040680170148e-01
2.300000030547380558e-01
2.460000022500753447e-01
2.470000016689300470e-01
2.540000025928020322e-01
2.490000030398368813e-01
2.490000019967555933e-01
2.490000037848949521e-01
2.560000018775462904e-01
2.430000026524067047e-01
2.480000027269124996e-01
2.600000034272670901e-01
2.540000028908252494e-01
2.380000026524067003e-01
2.520000027865171299e-01
2.560000025480985708e-01
2.430000037699937832e-01
2.400000031292438551e-01
2.540000030398368858e-01
2.530000025033951050e-01
2.430000021308660607e-01
2.390000032633542992e-01
2.380000048130750667e-01
2.450000035017728672e-01
2.530000029504299031e-01
2.550000023841857977e-01
2.450000023841857888e-01
2.260000020265579279e-01
2.430000019073486339e-01
2.500000035762786621e-01
2.430000018328428157e-01
2.320000018924474605e-01
2.390000043809413777e-01
2.220000033080577750e-01
2.160000033676624243e-01
2.490000024437904469e-01
2.410000030696392015e-01
2.360000017285346918e-01
2.420000029355287574e-01
2.160000024735927449e-01
2.380000044405460313e-01
2.590000029653310998e-01
2.580000036954879783e-01
2.480000029504299264e-01
2.430000027269124951e-01
2.500000017136335129e-01
2.070000034570693981e-01
2.410000022500753403e-01
2.370000024884939271e-01
2.200000030547380470e-01
2.440000024437904425e-01
2.390000019967556122e-01
2.330000034719705571e-01
2.390000035613775164e-01
2.570000042021274300e-01
2.410000033676624187e-01
2.420000042021274445e-01
2.610000032931566460e-01
2.500000021606683664e-01
2.420000025629997220e-01
2.520000033080577739e-01
2.580000014603138214e-01
2.430000033974647478e-01
2.420000040531158358e-01
2.430000023543834597e-01
2.510000026971102027e-01
2.460000025480985619e-01
2.450000014901161094e-01
2.450000025331973974e-01
2.430000011622905631e-01
2.490000014752149493e-01
2.530000022798776782e-01
2.490000020712614115e-01
2.440000019967555889e-01
2.550000029057264417e-01
2.460000028461217791e-01
2.560000035911798588e-01
2.620000033825635732e-01
2.570000017434358464e-01
2.610000033676624365e-01
2.510000030696392104e-01
2.500000024586915837e-01
2.600000014901160950e-01
2.480000032484531436e-01
2.670000026375055069e-01
2.560000019520521364e-01
2.500000029057264372e-01
2.430000028759241038e-01
2.470000037550926231e-01
2.470000033825635877e-01
2.530000039190054006e-01
2.550000035762786665e-01
2.490000033378600985e-01
2.420000019669532876e-01
2.490000028163194545e-01
2.540000036358833202e-01
2.330000028014183044e-01
2.500000029802322277e-01
2.450000029802322510e-01
2.350000029057264239e-01
2.630000029504299119e-01
2.450000037997961122e-01
2.120000024884939327e-01
2.430000045895576444e-01
2.470000024139881178e-01
2.420000018179416790e-01
2.140000031888484866e-01
2.360000044852495205e-01
2.320000031590461753e-01
2.180000038444995791e-01
2.360000024735927626e-01
2.400000026822090016e-01
2.390000043809413777e-01
2.330000027269124863e-01
2.360000017285346918e-01
2.370000021904706822e-01
2.590000012516975314e-01
2.590000024437904558e-01
2.470000026375055446e-01
2.410000033676624187e-01
2.440000015497207630e-01
2.430000028759241038e-01
2.420000037550926186e-01
2.520000025629997031e-01
2.460000019520521275e-01
2.480000033229589340e-01
2.300000032037496644e-01
2.570000039041042128e-01
2.630000033974647655e-01
2.240000026673078515e-01
2.490000032633543081e-01
2.420000029355287574e-01
2.390000025928020466e-01
2.470000027865171532e-01
2.480000033229589340e-01
2.260000024735927537e-01
2.240000017732381721e-01
2.310000027716159754e-01
2.300000020861625583e-01
2.330000020563602336e-01
2.260000027716159710e-01
2.330000030994415217e-01
2.370000024884939271e-01
2.280000017583370120e-01
2.160000032186508157e-01
2.410000026971101661e-01
2.410000026971101661e-01
2.440000033378600941e-01
2.300000032782554549e-01
2.400000029802322465e-01
2.360000020265579090e-01
2.510000019520521319e-01
2.260000026226043623e-01
2.370000030845403616e-01
2.450000015646219276e-01
2.510000028461217836e-01
2.410000030696392015e-01
2.110000041872263088e-01
2.480000022798776738e-01
2.440000029653310865e-01
2.420000026375055402e-01
2.340000031143426862e-01
2.430000030249357124e-01
2.430000014603138081e-01
2.370000031590461798e-01
2.110000031441450208e-01
2.450000022351741802e-01
2.420000033825635832e-01
2.420000021159648962e-01
2.320000033825636021e-01
2.380000042915344227e-01
2.470000024884939083e-01
2.430000021308660607e-01
2.460000025480985619e-01
2.470000033825635877e-01
2.470000027120113351e-01
2.380000025033950917e-01
2.400000032782554638e-01
2.310000029206275840e-01
2.430000038444996013e-01
2.410000026226043757e-01
2.420000036805868282e-01
2.310000033676624376e-01
2.380000041425228141e-01
2.370000031590461798e-01
2.430000026524067047e-01
2.290000029653310731e-01
2.420000027120113306e-01
2.230000026524066870e-01
2.370000030845403616e-01
2.290000017732381765e-01
2.270000025629997364e-01
2.320000035315752107e-01
2.310000025480985764e-01
2.330000033229589484e-01
2.390000021457672208e-01
2.380000027269124907e-01
2.300000024586915937e-01
2.310000029206275840e-01
2.170000033080577984e-01
2.360000036656856592e-01
2.430000033974647478e-01
2.480000030994415350e-01
2.490000037848949521e-01
2.390000020712614026e-01
2.000000040978193172e-01
2.350000023096799895e-01
2.380000030249357357e-01
2.430000031739473210e-01
2.330000025033950872e-01
2.200000037252902996e-01
2.230000025779008965e-01
2.280000030994415172e-01
2.120000027865171499e-01
2.290000027418136463e-01
1.940000032633543148e-01
2.130000039190053929e-01
2.280000029504299086e-01
2.180000025779008921e-01
2.240000022947788161e-01
2.000000035017728828e-01
2.050000026822090260e-01
2.270000024884939183e-01
2.220000019669532698e-01
2.380000031739473443e-01
2.280000037699937698e-01
2.170000039041042328e-01
2.320000036805868193e-01
1.940000026673078526e-01
2.080000024288892746e-01
2.210000037401914641e-01
2.200000032037496556e-01
2.260000018030405011e-01
2.250000035762786954e-01
2.260000037401914685e-01
2.190000035613775264e-01
2.010000040382146913e-01
2.360000036656856592e-01
2.330000038444995925e-01
2.430000042170286090e-01
2.210000026971101761e-01
2.400000037252902896e-01
2.270000018924474838e-01
2.280000019818544388e-01
2.360000029206275884e-01
2.370000028610229625e-01
2.310000034421682280e-01
2.440000038594007381e-01
2.360000033676624420e-01
2.140000017732381909e-01
2.400000045448541508e-01
2.520000036805868371e-01
2.350000030547380325e-01
2.360000032186508057e-01
2.300000023096799850e-01
2.370000025629997176e-01
2.230000025779008965e-01
2.150000024586916081e-01
2.380000028014183089e-01
2.200000031292438374e-01
1.890000034123659189e-01
2.080000031739473454e-01
2.180000030249357179e-01
2.230000033974647577e-01
2.310000027716159754e-01
2.300000035762786998e-01
2.340000039339065474e-01
2.190000029653310643e-01
2.300000034272670635e-01
2.480000034719705704e-01
1.860000038892030694e-01
2.190000025928020566e-01
2.310000043362379074e-01
2.180000027269125007e-01
2.270000024884939183e-01
2.370000017434358563e-01
1.990000041574239709e-01
2.380000030249357357e-01
1.910000039637088642e-01
2.210000021755695321e-01
2.000000032782554560e-01
2.130000034719705670e-01
1.960000030696392170e-01
2.170000037550926242e-01
1.960000037401914696e-01
2.100000026077032123e-01
2.240000021457672075e-01
2.160000024735927449e-01
2.230000025779008965e-01
2.140000023692846254e-01
2.010000037401914463e-01
2.090000019967556133e-01
2.230000035464763664e-01
2.160000023245811362e-01
2.060000026226043723e-01
1.950000021606683731e-01
2.300000020116567678e-01
2.050000040233135312e-01
2.040000028908252605e-01
2.050000025331973896e-01
2.180000028014182911e-01
2.130000035464763575e-01
2.060000026971101628e-01
2.150000039488077219e-01
2.230000044405460458e-01
2.180000025033950739e-01
2.130000025033950695e-01
2.300000029057264195e-01
2.230000012367963913e-01
2.340000028163194690e-01
2.200000025331974030e-01
2.360000022500753358e-01
2.050000029802322432e-01
2.230000027269125051e-01
2.290000022947788205e-01
2.070000020414590747e-01
2.040000038594007581e-01
1.970000022649764926e-01
1.730000036209821679e-01
2.000000036507844914e-01
2.040000037103891495e-01
2.020000036805868204e-01
1.940000027418136708e-01
1.850000023841857910e-01
1.990000031888485010e-01
1.930000027269125062e-01
1.940000034123659234e-01
1.570000031590461642e-01
1.460000035166740540e-01
1.790000025182962307e-01
1.730000039935112033e-01
1.890000028163194568e-01
1.830000028759241060e-01
1.670000024139881023e-01
1.490000020712614059e-01
1.440000027418136541e-01
1.670000026375055291e-01
1.610000029951333955e-01
1.600000039488077286e-01
1.420000025629997165e-01
1.690000030398368935e-01
1.690000028908252849e-01
1.300000026822090149e-01
1.250000027567148286e-01
1.350000026077032012e-01
1.750000035762786788e-01
1.700000038743019193e-01
1.700000040233135279e-01
1.870000027865171555e-01
1.640000035613775331e-01
1.600000027567148320e-01
1.680000030994415194e-01
1.690000031888485021e-01
1.680000033974647644e-01
1.650000031292438440e-01
1.650000031292438440e-01
1.650000031292438440e-01
1.650000031292438440e-01
1.630000032484531514e-01
1.640000040084123589e-01
1.670000029355287463e-01
1.470000025629997209e-01
1.690000030398368935e-01
1.660000031441450086e-01
1.050000022351741807e-01
1.050000022351741807e-01
1.050000022351741807e-01
1.040000021457672119e-01
1.040000021457672119e-01
1.040000021457672119e-01
1.050000022351741807e-01
1.050000022351741807e-01
1.040000021457672119e-01
1.050000021606683764e-01
1.060000021755695410e-01
