9.100000172853470182e-02
1.120000026375055358e-01
1.120000021159648917e-01
1.060000020265579185e-01
1.120000023394823047e-01
1.060000023990869539e-01
1.090000022947788250e-01
1.120000027865171444e-01
1.100000019371509541e-01
1.100000021606683670e-01
1.110000026971101755e-01
1.180000017583370253e-01
1.270000028610229481e-01
1.490000037103891284e-01
1.290000028908252772e-01
1.110000026226043712e-01
1.450000020116567478e-01
1.210000022500753447e-01
1.520000027865171521e-01
1.600000029057264406e-01
1.730000018328428368e-01
1.590000028163194579e-01
1.660000035166740440e-01
1.760000029206275907e-01
1.730000036209821679e-01
1.790000037848949455e-01
1.810000035911798477e-01
2.010000030696391937e-01
1.920000021904706977e-01
1.920000027865171321e-01
2.180000033974647533e-01
2.210000026971101761e-01
2.200000035762786910e-01
2.480000021308660374e-01
2.280000036209821612e-01
2.260000031441450064e-01
2.380000028014183089e-01
2.550000035762786665e-01
2.490000038594007425e-01
2.500000036507845080e-01
2.650000024586915970e-01
2.500000033527612908e-01
2.780000016093254200e-01
2.650000026077032333e-01
2.660000033676624409e-01
2.900000009685754776e-01
2.830000013113022073e-01
2.960000030696391948e-01
2.910000041127204784e-01
2.850000005215406196e-01
3.070000036060809845e-01
2.820000049471855230e-01
2.790000040084123500e-01
2.880000026524067169e-01
2.920000027120113195e-01
3.040000034868717282e-01
3.020000028610229648e-01
3.170000007748604021e-01
2.990000022947787994e-01
3.140000019967555955e-01
3.050000037997960822e-01
3.050000026822090038e-01
3.280000013113021917e-01
3.160000032186507934e-01
3.310000009089708595e-01
3.420000024139880912e-01
3.259999994933605039e-01
3.460000029206276029e-01
3.540000005066394895e-01
3.370000043511390819e-01
3.390000018477439814e-01
3.440000019967556222e-01
3.590000012516975647e-01
3.480000014603137903e-01
3.510000021010637461e-01
3.690000010281801468e-01
3.530000016093254311e-01
3.640000015497207864e-01
3.810000027716159976e-01
3.860000044107437245e-01
3.760000005364417808e-01
3.870000004768371360e-01
3.700000019371509352e-01
3.770000001788139099e-01
3.670000013709068254e-01
3.950000017881393211e-01
3.969999991357326397e-01
3.810000023245811440e-01
3.979999989271164051e-01
4.159999999403953819e-01
4.120000004768371582e-01
3.899999988079070889e-01
3.920000024139881356e-01
3.959999990463256569e-01
4.050000000000000266e-01
4.110000014305114635e-01
4.130000028014182978e-01
4.100000017881393344e-01
4.120000013709068098e-01
4.140000033378601341e-01
4.150000014901161216e-01
4.340000006556510859e-01
4.130000017583370098e-01
4.190000018477439969e-01
4.150000014901161216e-01
4.050000008940696783e-01
4.010000005364418030e-01
4.300000014901161349e-01
4.400000002980232194e-01
4.580000010132789789e-01
4.270000019669532576e-01
4.319999995827674688e-01
4.349999999999999978e-01
4.439999994635581704e-01
4.329999968409538047e-01
4.320000031590461864e-01
4.529999996721744693e-01
4.370000016689300493e-01
4.550000029802322432e-01
4.330000022053718811e-01
4.620000040531158647e-01
4.649999988079071001e-01
4.560000029206275896e-01
4.710000026226043857e-01
4.470000007748604065e-01
4.660000038146972501e-01
4.799999999999999822e-01
4.680000013113022050e-01
4.710000038146972545e-01
4.730000013113022095e-01
4.639999991655349709e-01
4.650000023841858177e-01
4.849999970197677590e-01
4.820000028610229581e-01
4.760000032186508245e-01
4.820000034570693925e-01
4.859999987483024642e-01
4.759999993443488897e-01
4.979999995231628174e-01
4.770000001788139432e-01
4.870000028610229625e-01
4.730000066757202304e-01
4.830000013113021629e-01
4.520000031590461487e-01
5.050000032782554493e-01
4.940000027418136597e-01
4.990000033378600985e-01
5.020000034570694103e-01
4.990000039339065330e-01
5.030000039935111911e-01
5.020000010728835615e-01
5.130000007152557551e-01
5.090000021457672386e-01
4.959999981522560386e-01
5.130000036954879272e-01
5.230000007152557640e-01
5.060000020265579268e-01
5.249999982118606079e-01
5.040000033378601030e-01
5.099999994039535745e-01
5.190000021457672474e-01
5.070000040531158492e-01
5.250000035762787398e-01
5.159999996423720869e-01
5.030000028014183222e-01
5.170000028610229892e-01
5.300000017881393299e-01
5.290000033378601252e-01
5.360000014305115190e-01
5.350000011920928999e-01
5.260000002384185303e-01
5.350000041723251831e-01
5.370000004768371582e-01
5.200000008940697249e-01
5.499999982118606301e-01
5.390000003576278509e-01
5.250000017881393255e-01
5.190000027418136819e-01
5.230000026524066481e-01
5.340000015497207153e-01
5.490000024437904358e-01
5.510000020265579668e-01
5.540000021457671675e-01
5.590000027418136064e-01
5.410000005364418163e-01
5.710000038146972878e-01
5.680000013113022383e-01
5.529999971389770730e-01
5.610000002384185613e-01
5.780000019073486817e-01
5.430000019073486506e-01
5.650000053644180786e-01
5.570000025629997520e-01
5.450000041723250810e-01
5.630000007152556885e-01
5.520000025629997475e-01
5.490000021457671631e-01
5.810000091791153176e-01
5.819999998807907637e-01
5.690000045299530296e-01
5.800000023841858088e-01
5.590000009536743031e-01
5.590000000596045959e-01
5.640000003576278731e-01
5.720000040531157959e-01
5.760000008344650091e-01
5.679999977350235207e-01
5.789999985694884721e-01
5.920000046491622481e-01
5.890000009536743297e-01
5.729999989271163940e-01
5.680000030994415416e-01
5.729999977350235252e-01
6.199999952316284091e-01
5.700000041723251032e-01
5.820000004768371982e-01
6.020000022649765192e-01
5.730000007152556973e-01
5.980000042915344372e-01
6.049999988079071134e-01
5.730000013113021318e-01
6.130000013113021673e-01
6.070000022649765237e-01
5.920000010728836415e-01
5.880000001192092762e-01
5.869999986886977883e-01
6.069999992847442405e-01
6.130000001192092984e-01
6.020000010728836504e-01
6.179999989271164340e-01
5.940000015497207686e-01
6.069999974966049372e-01
6.089999991655349332e-01
6.189999979734420732e-01
6.130000019073486017e-01
6.009999972581863137e-01
6.129999995231628640e-01
6.050000035762786998e-01
6.370000016689300049e-01
6.199999982118606923e-01
6.130000036954880160e-01
6.289999997615813854e-01
6.259999972581863359e-01
6.020000034570693881e-01
6.360000014305114968e-01
6.230000007152557417e-01
5.980000007152557195e-01
6.330000030994414884e-01
5.789999979734420377e-01
6.309999984502792092e-01
6.339999997615813898e-01
6.330000001192093162e-01
6.230000001192093073e-01
6.269999974966049550e-01
6.400000011920928822e-01
6.329999989271164473e-01
6.210000044107437667e-01
6.480000007152557640e-01
6.349999988079071400e-01
6.469999969005584273e-01
6.380000007152557551e-01
6.500000005960464566e-01
6.290000021457672341e-01
6.159999978542327614e-01
6.430000030994414972e-01
6.570000040531158714e-01
6.420000028610229892e-01
6.249999982118606967e-01
6.630000019073486461e-01
6.339999979734420865e-01
6.459999978542327881e-01
6.689999967813491377e-01
6.840000015497207375e-01
6.399999988079071445e-01
6.809999978542328192e-01
6.650000029802322077e-01
6.609999990463256703e-01
6.479999971389770463e-01
6.459999978542327881e-01
6.630000025033950806e-01
6.610000044107436912e-01
6.709999942779540927e-01
6.660000002384185436e-01
6.450000029802321899e-01
6.500000011920928911e-01
6.629999995231627974e-01
6.490000021457672519e-01
6.700000059604644953e-01
6.499999922513961526e-01
6.550000000000000266e-01
6.550000011920928955e-01
6.520000028610229981e-01
6.560000050067901212e-01
6.600000029802322032e-01
6.560000008344650801e-01
6.589999991655349776e-01
6.660000002384185436e-01
6.690000009536742898e-01
6.970000004768371893e-01
6.540000027418136908e-01
6.429999995231628906e-01
6.649999958276748835e-01
6.870000010728836148e-01
6.710000002384185480e-01
6.840000009536743031e-01
6.750000023841857821e-01
6.789999949932098433e-01
6.839999997615814342e-01
6.790000021457671675e-01
6.950000011920929310e-01
6.960000002384185702e-01
6.659999948740005227e-01
7.220000004768372115e-01
6.940000039339065951e-01
6.879999983310699507e-01
6.759999990463256836e-01
6.820000004768371760e-01
6.959999942779541149e-01
6.629999995231627974e-01
7.109999948740005626e-01
6.979999995231628285e-01
6.860000032186508445e-01
7.090000003576278909e-01
6.710000026226043968e-01
6.879999995231628196e-01
6.839999979734421309e-01
6.789999973773955810e-01
7.189999961853027477e-01
6.879999983310699507e-01
7.100000035762786821e-01
6.789999997615814298e-01
6.999999964237213490e-01
6.969999998807907549e-01
6.940000027418136153e-01
7.050000023841858088e-01
6.969999969005584717e-01
6.969999980926513405e-01
7.019999998807907593e-01
6.999999976158142179e-01
7.220000064373016668e-01
6.980000019073486772e-01
6.939999997615814431e-01
7.070000004768371982e-01
7.040000009536743208e-01
7.099999988079070956e-01
6.990000009536743164e-01
7.120000016689300715e-01
7.230000030994415683e-01
6.990000021457671853e-01
7.060000026226043168e-01
6.999999999999999556e-01
7.009999984502792714e-01
7.280000007152557240e-01
6.959999966621398526e-01
7.070000016689300670e-01
7.029999995231628329e-01
7.259999954700470104e-01
6.990000003576278820e-01
7.219999980926513627e-01
7.320000028610229581e-01
7.080000019073486861e-01
7.360000061988830611e-01
7.049999999999999600e-01
7.230000019073485884e-01
7.310000002384186013e-01
7.289999997615814742e-01
6.899999999999999467e-01
7.250000035762786954e-01
7.139999985694884810e-01
7.370000004768371138e-01
7.490000033378600985e-01
7.170000040531158136e-01
7.020000004768371937e-01
7.420000004768371182e-01
7.279999947547912686e-01
7.280000019073485928e-01
7.200000023841858221e-01
7.449999988079071267e-01
7.220000016689300804e-01
7.259999996423721624e-01
7.310000026226043390e-01
7.299999988079071134e-01
7.289999997615814742e-01
7.339999997615813676e-01
7.330000007152557284e-01
7.330000019073485973e-01
7.279999959468841375e-01
7.380000019073486017e-01
7.380000019073486017e-01
7.610000073909759521e-01
7.490000045299529674e-01
7.390000033378600897e-01
7.440000009536743564e-01
7.329999971389770108e-01
7.460000038146972212e-01
7.300000023841858310e-01
7.370000016689300937e-01
7.510000026226043568e-01
7.460000014305114835e-01
7.619999980926513983e-01
7.269999957084656295e-01
7.670000040531158580e-01
7.360000002384186057e-01
7.470000016689301026e-01
7.339999979734420643e-01
7.459999966621398970e-01
7.610000014305114968e-01
7.439999997615813765e-01
7.510000038146972257e-01
7.470000016689301026e-01
7.610000026226043657e-01
7.790000045299529940e-01
7.470000022649765370e-01
7.439999997615813765e-01
7.340000021457672164e-01
7.559999990463256436e-01
7.550000035762787221e-01
7.369999980926513761e-01
7.359999990463257369e-01
7.509999990463256392e-01
7.379999995231628640e-01
7.379999971389770153e-01
7.600000011920928777e-01
7.900000047683716220e-01
7.549999976158141557e-01
7.600000023841857466e-01
7.370000004768371138e-01
7.690000045299529852e-01
7.580000007152557506e-01
7.550000047683715909e-01
7.560000014305114924e-01
7.749999976158141735e-01
7.289999967813491910e-01
7.800000011920928955e-01
7.650000011920928822e-01
7.730000019073486328e-01
7.600000035762787265e-01
7.699999988079071489e-01
7.560000014305114924e-01
7.770000016689300182e-01
7.609999990463256481e-01
7.790000009536742764e-01
7.410000014305114791e-01
7.789999997615814076e-01
7.630000007152557551e-01
7.780000054836273549e-01
7.630000030994414928e-01
7.760000014305115101e-01
7.620000028610229847e-01
7.730000007152557640e-01
7.810000026226043834e-01
7.730000007152557640e-01
7.580000019073486195e-01
7.520000052452087136e-01
7.550000000000000044e-01
7.679999989271163452e-01
7.840000009536742809e-01
7.850000000000000311e-01
7.940000033378601385e-01
7.650000047683715998e-01
7.820000028610230025e-01
7.819999945163726984e-01
7.740000033378601207e-01
7.890000009536742853e-01
7.939999997615814209e-01
7.670000028610229892e-01
7.860000014305115190e-01
7.630000019073486239e-01
7.850000059604644864e-01
7.580000019073486195e-01
7.660000002384186324e-01
7.760000038146972479e-01
7.800000035762786332e-01
7.749999976158141735e-01
7.750000011920928911e-01
7.879999995231627974e-01
7.820000016689300226e-01
7.969999992847442982e-01
7.740000033378601207e-01
7.829999971389770552e-01
7.770000052452087358e-01
7.840000009536742809e-01
7.800000047683716131e-01
7.929999995231628018e-01
7.980000007152557862e-01
7.879999995231627974e-01
8.040000045299530163e-01
7.930000030994415194e-01
7.840000045299529985e-01
7.890000009536742853e-01
8.100000023841857910e-01
7.939999961853027033e-01
7.890000021457672652e-01
7.989999961853027077e-01
7.890000069141387407e-01
7.870000004768371582e-01
7.880000007152557773e-01
7.980000030994415239e-01
7.960000038146972656e-01
7.849999988079070512e-01
7.780000019073486373e-01
7.910000026226043923e-01
8.139999985694885698e-01
8.130000019073486683e-01
8.000000047683716309e-01
7.910000014305115235e-01
7.810000038146972523e-01
7.889999985694885476e-01
8.030000042915343972e-01
7.930000030994415194e-01
8.100000011920929222e-01
8.240000009536743164e-01
7.790000009536742764e-01
8.040000033378601474e-01
8.060000026226044056e-01
8.270000040531158003e-01
7.870000016689300271e-01
8.120000016689300493e-01
8.309999978542328414e-01
8.070000016689300448e-01
8.020000028610229093e-01
8.310000014305114480e-01
8.080000007152556840e-01
8.140000045299530251e-01
8.220000040531157959e-01
8.189999997615814431e-01
7.900000000000000355e-01
7.990000057220458807e-01
7.890000009536742853e-01
8.070000052452087624e-01
8.140000009536743075e-01
8.030000007152557906e-01
8.040000033378601474e-01
8.059999990463256880e-01
7.919999980926513139e-01
7.939999961853027033e-01
8.059999978542328192e-01
8.030000007152557906e-01
8.029999983310699418e-01
8.090000057220458896e-01
8.099999988079070734e-01
7.900000035762786421e-01
8.090000009536743031e-01
8.029999995231628107e-01
8.059999990463256880e-01
8.070000004768371760e-01
8.149999964237213401e-01
8.259999990463257058e-01
8.099999988079070734e-01
8.090000021457671719e-01
8.389999985694884810e-01
8.260000038146972923e-01
8.190000021457671808e-01
8.090000033378601518e-01
8.100000023841857910e-01
8.140000045299530251e-01
8.380000030994415594e-01
8.169999945163727295e-01
8.060000026226044056e-01
8.220000052452087758e-01
8.109999978542328236e-01
8.090000033378601518e-01
8.170000040531157914e-01
8.240000045299530340e-01
8.229999983310699596e-01
8.180000030994415416e-01
8.269999992847442138e-01
8.029999983310699418e-01
8.190000009536743120e-01
8.110000038146972789e-01
8.030000030994415283e-01
8.040000033378601474e-01
8.430000007152557151e-01
8.219999992847442094e-01
8.250000047683715421e-01
8.330000042915344238e-01
8.340000045299530429e-01
8.220000004768371893e-01
8.260000014305114435e-01
8.350000011920929444e-01
8.389999997615814609e-01
8.170000028610229226e-01
8.319999992847442183e-01
7.950000023841857777e-01
8.160000026226044145e-01
8.450000011920928422e-01
8.269999980926513450e-01
8.210000014305114391e-01
8.269999969005584761e-01
8.309999978542328414e-01
8.229999971389770907e-01
8.149999976158142090e-01
8.330000054836272927e-01
8.410000026226043257e-01
8.139999997615814387e-01
8.219999980926513405e-01
8.589999973773956299e-01
8.400000047683715554e-01
8.350000071525573997e-01
8.249999952316283691e-01
8.380000007152557107e-01
8.489999997615814697e-01
8.260000038146972923e-01
8.390000045299530473e-01
8.290000033378600586e-01
8.170000004768371848e-01
8.270000004768371937e-01
8.399999988079071001e-01
8.300000023841858088e-01
8.399999999999999689e-01
8.469999992847442316e-01
8.170000004768371848e-01
8.420000004768372071e-01
8.330000030994415550e-01
8.470000028610229492e-01
8.439999997615814653e-01
8.229999995231628285e-01
8.160000014305114346e-01
8.400000023841858177e-01
8.460000002384185924e-01
8.410000014305114568e-01
8.390000033378600675e-01
8.479999971389770019e-01
8.439999997615814653e-01
8.390000009536743297e-01
8.460000002384185924e-01
8.409999990463257191e-01
8.410000014305114568e-01
8.180000007152556929e-01
8.440000009536743342e-01
8.579999971389770108e-01
8.209999990463257014e-01
8.319999992847442183e-01
8.300000035762786776e-01
8.279999983310699641e-01
8.409999990463257191e-01
8.449999988079071045e-01
8.240000021457671853e-01
8.499999988079071089e-01
8.559999966621398837e-01
8.440000045299530518e-01
8.400000023841858177e-01
8.470000004768372115e-01
8.370000004768372026e-01
8.410000014305114568e-01
8.520000004768371049e-01
8.390000033378600675e-01
8.559999978542327526e-01
8.479999983310699818e-01
8.459999942779541371e-01
8.500000035762786954e-01
8.480000007152557195e-01
8.389999973773956121e-01
8.399999999999999689e-01
8.609999990463257369e-01
8.510000038146973145e-01
8.599999999999999867e-01
8.559999954700470148e-01
8.420000004768372071e-01
8.529999971389770064e-01
8.519999992847442360e-01
8.459999990463257236e-01
8.499999940395355225e-01
8.529999995231628551e-01
8.540000009536743431e-01
8.429999995231628462e-01
8.490000033378600763e-01
8.539999997615814742e-01
8.559999978542327526e-01
8.679999959468841508e-01
8.579999959468841420e-01
8.280000030994415505e-01
8.450000023841858221e-01
8.459999978542327437e-01
8.310000014305114480e-01
8.519999980926513672e-01
8.460000014305114613e-01
8.580000007152557284e-01
8.480000030994415683e-01
8.580000030994415772e-01
8.609999966621398881e-01
8.390000009536743297e-01
8.509999978542327481e-01
8.420000028610229448e-01
8.609999966621398881e-01
8.540000009536743431e-01
8.439999985694884854e-01
8.689999973773956388e-01
8.279999995231628329e-01
8.649999999999999911e-01
8.500000011920928467e-01
8.549999976158142445e-01
8.450000011920928422e-01
8.480000019073485884e-01
8.720000004768371227e-01
8.629999971389770153e-01
8.410000002384185880e-01
8.460000002384185924e-01
8.610000038146972123e-01
8.719999980926513850e-01
8.749999976158142623e-01
8.610000026226043435e-01
8.619999957084655273e-01
8.540000045299529496e-01
8.699999999999999956e-01
8.479999995231628507e-01
8.809999966621399059e-01
8.520000016689300848e-01
8.339999985694884765e-01
8.729999959468841553e-01
8.679999971389770197e-01
8.749999952316284135e-01
8.829999971389770330e-01
8.639999961853027655e-01
8.449999999999999734e-01
8.539999949932098877e-01
8.630000042915344505e-01
8.580000030994415772e-01
8.579999971389770108e-01
8.539999997615814742e-01
8.440000009536743342e-01
8.420000040531158136e-01
8.629999971389770153e-01
8.630000042915344505e-01
8.589999985694884987e-01
8.539999985694884943e-01
8.469999980926513627e-01
8.500000023841858265e-01
8.750000000000000000e-01
8.699999952316284091e-01
8.779999995231628773e-01
8.620000004768371138e-01
8.759999966621399015e-01
8.639999997615813720e-01
8.649999988079071223e-01
8.699999952316284091e-01
8.699999964237212779e-01
8.630000042915344505e-01
8.630000030994415816e-01
8.709999978542327659e-01
8.680000007152557373e-01
8.539999997615814742e-01
8.749999976158142623e-01
8.729999983310698930e-01
8.589999973773956299e-01
8.709999942779540483e-01
8.799999988079071356e-01
8.679999995231628684e-01
8.659999966621398926e-01
8.729999983310698930e-01
8.710000002384186146e-01
8.539999997615814742e-01
8.679999983310699996e-01
8.729999947547912864e-01
8.520000028610229537e-01
8.610000026226043435e-01
8.590000057220459340e-01
8.829999995231628818e-01
8.859999954700470415e-01
8.739999997615813809e-01
8.660000014305114791e-01
8.779999971389770286e-01
8.579999947547912731e-01
8.679999983310699996e-01
8.560000002384186013e-01
8.589999985694884987e-01
8.710000002384186146e-01
8.809999978542327748e-01
8.620000016689300937e-01
8.810000002384186235e-01
8.739999949932097945e-01
8.689999985694885076e-01
8.749999988079071311e-01
8.800000000000000044e-01
8.779999995231628773e-01
8.489999985694884899e-01
8.620000028610229625e-01
8.659999978542327614e-01
8.659999954700470237e-01
8.839999985694885209e-01
8.659999978542327614e-01
8.619999945163726585e-01
8.659999978542327614e-01
8.580000007152557284e-01
8.610000014305114746e-01
8.829999971389770330e-01
8.599999976158142490e-01
8.799999988079071356e-01
8.709999954700470282e-01
8.809999978542327748e-01
8.849999964237212913e-01
8.709999966621398970e-01
8.769999957084655406e-01
8.919999945163726851e-01
8.789999938011169300e-01
8.670000004768371182e-01
8.709999966621398970e-01
8.660000002384186102e-01
8.809999978542327748e-01
8.899999976158141646e-01
8.770000004768371271e-01
8.760000014305114879e-01
8.809999978542327748e-01
8.809999954700470370e-01
8.879999983310699063e-01
8.740000009536743608e-01
8.759999942779540527e-01
8.789999985694885165e-01
8.790000009536743653e-01
8.849999964237212913e-01
8.639999985694885032e-01
8.809999942779540572e-01
8.729999983310698930e-01
8.809999966621399059e-01
8.859999990463256481e-01
8.779999995231628773e-01
8.530000007152557240e-01
8.780000007152557462e-01
8.819999980926513938e-01
8.889999997615813943e-01
8.759999978542327703e-01
8.719999969005585161e-01
8.979999947547913086e-01
8.849999952316284224e-01
8.719999980926513850e-01
8.740000021457672297e-01
8.589999985694884987e-01
8.789999949932097989e-01
8.859999978542327792e-01
8.749999964237212824e-01
8.769999957084655406e-01
8.779999971389770286e-01
8.929999971389770419e-01
8.769999969005585205e-01
8.739999985694885121e-01
8.870000004768371360e-01
8.659999966621398926e-01
8.689999997615813765e-01
8.809999978542327748e-01
8.800000000000000044e-01
8.789999997615813854e-01
8.669999969005585116e-01
8.819999945163726762e-01
8.769999980926513894e-01
8.759999966621399015e-01
8.750000011920928689e-01
8.909999918937683283e-01
8.909999942779540660e-01
8.809999966621399059e-01
8.599999988079071178e-01
8.809999990463256436e-01
9.109999942779540838e-01
8.780000019073486150e-01
8.740000009536743608e-01
8.759999942779540527e-01
8.929999971389770419e-01
8.849999988079071400e-01
8.839999985694885209e-01
8.719999945163726673e-01
8.869999957084655495e-01
8.800000035762787221e-01
8.839999961853027832e-01
8.959999978542327881e-01
8.959999990463256569e-01
8.919999969005584228e-01
8.819999980926513938e-01
8.810000002384186235e-01
8.949999952316284313e-01
8.859999930858611927e-01
9.049999928474425914e-01
8.969999980926514072e-01
8.760000026226043568e-01
8.969999957084655584e-01
8.849999976158141601e-01
8.649999976158142534e-01
8.969999957084655584e-01
8.809999942779540572e-01
8.919999980926514027e-01
8.789999985694885165e-01
8.979999935626983287e-01
9.069999921321868497e-01
8.909999954700470459e-01
8.969999933242798207e-01
8.789999997615813854e-01
8.859999966621399103e-01
8.909999978542327836e-01
8.899999976158141646e-01
8.649999964237212735e-01
9.019999945163726940e-01
8.760000002384186191e-01
8.809999954700470370e-01
9.019999980926514116e-01
8.859999978542327792e-01
8.949999988079071489e-01
8.879999923706054510e-01
8.979999959468841775e-01
8.879999935626983198e-01
8.869999992847442671e-01
9.009999942779540749e-01
8.989999961853026855e-01
8.939999949932098122e-01
9.039999961853026900e-01
8.989999914169310991e-01
8.910000002384186324e-01
9.160000002384185436e-01
8.949999940395355624e-01
8.839999985694885209e-01
8.789999997615813854e-01
8.849999988079071400e-01
8.949999964237213002e-01
8.849999964237212913e-01
9.079999911785125999e-01
8.829999983310699019e-01
8.939999961853026811e-01
9.049999976158141779e-01
8.929999959468841730e-01
8.959999990463256569e-01
8.969999945163726895e-01
9.009999918937683372e-01
8.979999983310699152e-01
8.849999976158141601e-01
8.939999938011169434e-01
8.929999983310699108e-01
9.119999945163727029e-01
9.039999973773956699e-01
8.919999945163726851e-01
8.899999964237212957e-01
8.969999957084655584e-01
8.860000002384186280e-01
8.779999995231628773e-01
8.899999988079071445e-01
8.989999973773956654e-01
8.989999961853026855e-01
8.949999952316284313e-01
9.029999911785125954e-01
9.089999961853026944e-01
9.079999911785125999e-01
8.879999995231628862e-01
9.009999942779540749e-01
8.899999952316284269e-01
9.079999935626983376e-01
9.039999938011169522e-01
8.999999952316284357e-01
8.989999949932098167e-01
8.979999959468841775e-01
8.979999959468841775e-01
9.139999938011169611e-01
9.139999938011169611e-01
8.939999973773956610e-01
9.079999947547912065e-01
8.979999983310699152e-01
8.989999938011169478e-01
8.999999964237213046e-01
8.939999949932098122e-01
8.919999933242798162e-01
8.779999971389770286e-01
8.849999964237212913e-01
8.989999949932098167e-01
9.009999942779540749e-01
8.739999973773956432e-01
9.049999952316284402e-01
8.939999961853026811e-01
8.969999980926514072e-01
9.089999938011169567e-01
8.899999964237212957e-01
8.779999995231628773e-01
8.959999966621399192e-01
8.969999957084655584e-01
8.959999954700470504e-01
8.999999964237213046e-01
8.909999966621399148e-01
8.809999990463256436e-01
9.049999964237213090e-01
9.009999942779540749e-01
8.969999980926514072e-01
8.839999961853027832e-01
9.019999933242798251e-01
9.089999961853026944e-01
9.069999957084655673e-01
8.989999949932098167e-01
8.869999969005584184e-01
9.059999930858612105e-01
9.069999957084655673e-01
8.959999966621399192e-01
8.859999978542327792e-01
8.979999911785125910e-01
9.099999940395355758e-01
8.939999961853026811e-01
9.029999971389770508e-01
9.049999916553497226e-01
8.900000011920928822e-01
8.929999911785125866e-01
8.989999926090240789e-01
8.989999949932098167e-01
8.929999935626983243e-01
8.919999945163726851e-01
8.939999938011169434e-01
9.139999914169311124e-01
8.920000004768371404e-01
8.949999952316284313e-01
