1.090000023692846293e-01
8.900000199675560386e-02
8.900000199675560386e-02
8.900000199675560386e-02
8.900000199675560386e-02
9.300000220537185669e-02
8.900000199675560386e-02
8.900000199675560386e-02
8.900000199675560386e-02
8.900000199675560386e-02
1.390000034123659023e-01
1.270000025629997309e-01
1.550000034272670801e-01
9.500000216066836756e-02
8.900000199675560386e-02
9.800000205636023864e-02
1.050000021606683764e-01
1.280000026524066858e-01
1.810000028461217769e-01
1.860000026226043823e-01
1.780000028014183111e-01
1.900000029802322299e-01
1.790000030398368747e-01
1.820000031590461864e-01
1.900000029057264395e-01
1.830000031739473232e-01
1.970000028610229548e-01
2.070000030100345723e-01
2.200000028312206202e-01
2.290000031143426817e-01
2.250000019371509452e-01
2.320000025629997131e-01
2.270000023394823097e-01
2.340000012516975370e-01
2.320000030845403571e-01
2.540000015497207442e-01
2.600000024586915925e-01
2.650000026077032333e-01
2.740000016987323983e-01
2.670000017434358552e-01
2.820000030100345834e-01
2.830000025779008666e-01
2.880000039935112222e-01
2.910000030696391904e-01
2.910000022500753292e-01
2.950000032037496389e-01
2.960000018775463260e-01
2.880000015348195830e-01
2.980000012367963746e-01
3.030000004172325179e-01
3.040000011026859350e-01
3.110000015050172761e-01
3.130000032484531181e-01
3.120000007748603976e-01
3.120000024139881201e-01
3.090000002086162323e-01
3.240000018477439681e-01
3.200000019371509463e-01
3.259999993443489230e-01
3.080000023543834620e-01
3.240000009536743164e-01
3.320000034570693703e-01
3.190000011026859483e-01
3.250000032782554560e-01
3.300000023841858088e-01
3.340000028908252649e-01
3.480000022053718611e-01
3.490000016242265635e-01
3.380000016093254178e-01
3.390000009536743297e-01
3.500000052154064178e-01
3.500000020861625538e-01
3.550000013411044875e-01
3.610000033676624143e-01
3.560000039637088998e-01
3.590000027418136508e-01
3.630000025033950917e-01
3.640000045299530140e-01
3.640000015497207864e-01
3.710000023245811351e-01
3.680000036954879650e-01
3.700000023841857888e-01
3.740000036358833158e-01
3.760000005364417808e-01
3.770000016689300515e-01
3.770000031590461931e-01
3.799999992549419336e-01
3.870000031590461465e-01
3.920000004768371404e-01
3.740000028908252450e-01
3.790000012516975270e-01
3.750000020861625760e-01
3.970000016689300693e-01
3.950000008940696694e-01
3.830000007152557506e-01
3.770000019669532687e-01
3.890000027418136774e-01
3.910000011324882285e-01
3.830000025033950539e-01
3.750000020861625760e-01
3.770000001043081195e-01
3.870000010728836259e-01
3.979999983310699707e-01
4.060000012814998782e-01
3.900000005960464478e-01
3.830000033974647611e-01
3.860000017285347140e-01
4.120000013709068098e-01
4.020000001788139321e-01
3.850000026822090193e-01
4.069999998807907193e-01
3.950000011920928866e-01
4.040000006556511147e-01
3.950000038743018971e-01
3.950000014901161038e-01
3.930000016093254112e-01
4.090000003576278464e-01
3.969999995827674932e-01
4.030000022053718545e-01
4.090000000596046292e-01
4.060000020265579490e-01
4.190000006556510725e-01
4.130000028014182978e-01
4.050000011920928955e-01
4.150000017881393388e-01
4.160000056028366200e-01
4.130000013113022117e-01
4.060000014305114591e-01
4.200000035762787021e-01
4.080000019073486417e-01
4.140000000596046337e-01
4.080000016093254245e-01
4.020000016689300737e-01
3.919999995827674888e-01
3.950000014901161038e-01
4.080000022053718589e-01
4.050000017881393299e-01
4.100000017881393344e-01
4.160000023245811196e-01
4.070000013709068054e-01
4.070000016689300781e-01
4.000000000000000222e-01
3.970000013709068520e-01
4.110000002384185946e-01
3.900000020861625893e-01
4.140000000596046337e-01
4.090000015497207708e-01
3.900000014901160994e-01
4.119999986886977994e-01
4.170000010728835971e-01
4.000000020861625427e-01
3.840000024437904558e-01
3.960000032186508090e-01
4.050000008940696783e-01
4.159999999403953819e-01
3.930000004172324868e-01
3.980000004172324912e-01
4.000000023841858154e-01
3.950000000000000178e-01
4.180000025033950850e-01
3.940000006556511059e-01
4.060000041127204695e-01
4.140000003576278509e-01
4.060000026226043834e-01
4.150000032782554804e-01
4.089999994635581948e-01
3.979999993741512032e-01
4.179999995231628573e-01
4.190000021457672141e-01
4.070000037550925986e-01
4.130000004172325045e-01
4.260000002384185525e-01
4.140000039339065685e-01
4.180000001192092918e-01
4.159999999403953819e-01
4.060000026226043834e-01
4.160000026226043923e-01
4.100000017881393344e-01
4.190000021457672141e-01
4.210000005364418207e-01
4.240000018477440014e-01
4.240000012516975669e-01
4.110000029206276051e-01
4.279999989271163763e-01
4.230000001192092962e-01
4.130000022053718634e-01
4.180000007152557262e-01
4.240000027418136530e-01
4.120000010728835926e-01
4.120000010728835926e-01
4.099999988079071067e-01
4.290000024437904402e-01
4.269999998807907371e-01
4.079999986290931968e-01
4.050000005960464611e-01
3.970000022649765037e-01
4.300000026822090038e-01
4.190000024437904314e-01
4.060000023245811662e-01
4.400000011920928711e-01
4.109999996423721047e-01
4.329999983310699463e-01
4.190000006556510725e-01
4.160000023245811196e-01
4.340000039339065308e-01
4.290000009536742986e-01
4.280000013113021695e-01
4.260000008344650424e-01
4.030000016093254200e-01
4.190000015497207797e-01
4.410000011324882729e-01
4.189999988675117693e-01
4.259999987483024664e-01
4.160000008344650335e-01
4.089999991655349776e-01
4.260000008344650424e-01
3.930000001192092696e-01
4.190000045299530074e-01
4.240000012516975669e-01
4.169999998807907282e-01
4.140000003576278509e-01
4.210000014305114724e-01
4.180000013113021606e-01
4.190000012516975625e-01
4.010000020265579446e-01
4.180000004172325090e-01
4.290000003576278642e-01
4.300000008940696450e-01
4.279999998211860834e-01
4.430000013113021828e-01
4.360000029206275718e-01
4.180000030994415194e-01
4.380000013113021784e-01
4.280000036954879628e-01
4.250000011920929133e-01
4.290000009536742986e-01
4.169999995827675110e-01
4.359999984502792580e-01
4.279999989271163763e-01
4.180000001192092918e-01
4.180000001192092918e-01
4.099999997019767584e-01
4.199999997019767672e-01
4.190000021457672141e-01
4.180000022053718678e-01
4.170000004768371626e-01
4.279999989271163763e-01
4.160000014305114679e-01
4.229999989271163718e-01
4.290000015497207886e-01
4.300000002980232106e-01
4.020000019669532909e-01
4.310000017285346985e-01
4.230000013113021651e-01
4.210000005364418207e-01
4.320000019669532620e-01
4.340000015497207375e-01
4.200000017881393433e-01
4.219999995827674599e-01
4.229999995231628618e-01
4.280000036954879628e-01
4.300000011920929177e-01
4.300000008940696450e-01
4.230000022053718722e-01
4.250000023841857821e-01
4.099999991059303239e-01
4.309999993443489053e-01
4.249999997019767717e-01
4.330000007152557395e-01
4.180000013113021606e-01
4.200000014901161260e-01
4.179999980330467158e-01
4.209999999403953308e-01
4.250000008940696961e-01
4.280000013113021695e-01
4.299999994039535589e-01
4.319999992847442516e-01
4.200000008940696916e-01
4.250000011920929133e-01
4.199999997019767672e-01
4.170000010728835971e-01
4.130000001192092873e-01
4.299999997019767761e-01
4.189999997615814209e-01
4.230000016093253823e-01
4.180000022053718678e-01
4.410000008344650002e-01
4.050000017881393299e-01
4.320000010728836104e-01
4.260000005364418252e-01
4.229999998211860790e-01
4.359999978542327681e-01
4.230000004172325134e-01
4.090000012516975536e-01
4.200000023841857777e-01
4.109999996423721047e-01
4.190000012516975625e-01
4.349999994039535633e-01
4.189999991655349865e-01
4.239999997615814253e-01
4.160000017285346852e-01
4.179999974370002813e-01
4.390000006556510903e-01
4.130000010132789390e-01
4.349999994039535633e-01
4.339999997615814342e-01
4.359999999403953441e-01
4.340000006556510859e-01
4.460000002384185702e-01
4.140000012516975580e-01
4.160000017285346852e-01
4.099999999999999756e-01
4.390000003576278731e-01
4.030000001192092784e-01
4.269999986886978127e-01
4.280000004172325179e-01
4.240000009536742942e-01
4.209999996423721136e-01
4.120000022649765170e-01
4.459999990463257014e-01
4.420000010728836193e-01
4.160000014305114679e-01
4.410000014305114902e-01
4.230000010132789479e-01
4.269999983906745955e-01
4.329999992251395979e-01
4.459999996423721358e-01
4.419999992847442605e-01
4.300000020861625694e-01
4.380000013113021784e-01
4.200000029802322121e-01
4.350000029802322254e-01
4.490000027418136752e-01
4.110000026226043879e-01
4.360000002384185613e-01
4.290000015497207886e-01
4.169999995827675110e-01
4.260000038146972701e-01
4.279999983310699418e-01
4.190000009536742898e-01
4.260000026226043457e-01
4.200000002980232017e-01
4.240000000596046426e-01
4.339999994635582170e-01
4.230000022053718722e-01
4.320000016689300448e-01
4.220000004768371671e-01
4.280000001192093007e-01
4.119999989867210166e-01
4.210000002384186035e-01
4.350000011920929222e-01
4.290000045299530163e-01
4.380000013113021784e-01
4.180000025033950850e-01
4.220000010728836015e-01
4.269999998807907371e-01
4.290000009536742986e-01
4.280000013113021695e-01
4.319999992847442516e-01
4.290000024437904402e-01
4.230000030994415239e-01
4.309999960660934604e-01
4.459999996423721358e-01
4.380000004172325268e-01
4.320000013709068276e-01
4.170000004768371626e-01
4.359999990463256925e-01
4.330000001192093051e-01
4.160000008344650335e-01
4.480000004172325356e-01
4.330000004172325223e-01
4.300000017881393521e-01
4.360000020265579201e-01
4.239999997615814253e-01
4.350000002980232150e-01
4.370000013709068321e-01
4.530000022053718434e-01
4.350000029802322254e-01
4.230000013113021651e-01
4.209999996423721136e-01
4.309999999403953397e-01
4.200000005960464744e-01
4.359999996423721269e-01
4.280000013113021695e-01
4.330000022053718811e-01
4.319999992847442516e-01
4.270000013709068232e-01
4.200000005960464744e-01
4.320000016689300448e-01
4.350000005960464322e-01
4.349999991059303461e-01
4.390000021457672319e-01
4.200000002980232017e-01
4.430000013113021828e-01
4.450000017881393655e-01
4.140000012516975580e-01
4.240000018477440014e-01
4.440000015497207464e-01
4.480000007152557528e-01
4.420000001788139121e-01
4.180000026524066659e-01
4.380000004172325268e-01
4.360000014305114857e-01
4.390000003576278731e-01
4.440000027418136708e-01
4.430000013113021828e-01
4.299999985098839073e-01
4.450000029802322343e-01
4.270000022649764748e-01
4.449999988079070823e-01
4.300000011920929177e-01
4.520000022649764970e-01
4.470000010728836237e-01
4.350000017881393566e-01
4.450000002980232239e-01
4.170000007748603799e-01
4.380000025033951028e-01
4.350000005960464322e-01
4.269999992847442472e-01
4.470000022649764926e-01
4.160000026226043923e-01
4.170000013709068143e-01
4.280000022053718767e-01
4.360000008344650513e-01
4.260000011324882596e-01
4.460000014305114946e-01
4.280000013113021695e-01
4.410000008344650002e-01
4.390000015497207420e-01
4.280000007152557351e-01
4.360000029206275718e-01
4.410000017285347074e-01
4.410000008344650002e-01
4.309999996423721225e-01
4.400000017881393610e-01
4.440000003576278775e-01
4.290000015497207886e-01
4.320000034570694036e-01
4.310000026226043501e-01
4.349999988079071289e-01
4.399999994039535678e-01
4.480000025033950561e-01
4.260000014305114768e-01
4.380000001192093095e-01
4.340000015497207375e-01
4.470000010728836237e-01
4.190000003576278553e-01
4.160000014305114679e-01
4.489999997615814475e-01
4.510000026226043679e-01
4.510000014305114990e-01
4.290000021457672230e-01
4.359999990463256925e-01
4.370000022649764837e-01
4.159999990463256747e-01
4.310000008344650468e-01
4.260000005364418252e-01
4.390000009536743075e-01
4.180000001192092918e-01
4.300000017881393521e-01
4.419999986886978260e-01
4.199999994039535500e-01
4.189999997615814209e-01
4.329999983310699463e-01
4.319999998807906860e-01
4.190000018477439969e-01
4.259999996423721180e-01
4.450000011920928755e-01
4.390000021457672319e-01
4.269999986886978127e-01
4.389999979734420799e-01
4.410000008344650002e-01
4.579999983310699685e-01
4.240000018477440014e-01
4.469999998807906993e-01
4.390000009536743075e-01
4.240000015497207841e-01
4.270000010728836060e-01
4.269999974966049439e-01
4.319999986886978172e-01
4.350000023841857910e-01
4.240000009536742942e-01
4.220000004768371671e-01
4.170000004768371626e-01
4.250000023841857821e-01
4.210000008344650380e-01
4.329999995231628152e-01
4.280000010132789523e-01
4.319999986886978172e-01
4.319999998807906860e-01
4.339999991655349998e-01
4.259999978542328147e-01
4.379999995231628196e-01
4.290000009536742986e-01
4.100000005960464655e-01
4.299999988079071245e-01
4.280000007152557351e-01
4.210000002384186035e-01
4.279999995231628662e-01
4.169999989867210211e-01
4.349999982118606390e-01
4.440000009536743120e-01
4.299999999999999933e-01
4.300000005960464278e-01
4.230000007152557306e-01
4.219999992847442427e-01
4.320000004768371760e-01
4.310000038146972745e-01
4.309999990463256880e-01
4.229999995231628618e-01
4.199999997019767672e-01
4.140000033378601341e-01
4.410000002384185658e-01
4.290000009536742986e-01
4.330000004172325223e-01
4.289999991655349953e-01
4.360000002384185613e-01
4.299999999999999933e-01
4.379999995231628196e-01
4.419999998807906949e-01
4.370000004768371804e-01
4.190000024437904314e-01
4.400000017881393610e-01
4.340000027418136619e-01
4.330000028014183155e-01
4.250000023841857821e-01
4.240000018477440014e-01
4.290000003576278642e-01
4.230000007152557306e-01
4.420000004768371848e-01
4.179999989271163674e-01
4.269999992847442472e-01
4.199999999999999845e-01
4.360000008344650513e-01
4.240000018477440014e-01
4.220000007748603843e-01
4.210000014305114724e-01
4.400000008940696539e-01
4.300000017881393521e-01
4.380000001192093095e-01
4.430000025033951072e-01
4.350000011920929222e-01
4.220000004768371671e-01
4.240000015497207841e-01
4.450000000000000067e-01
4.340000003576278687e-01
4.109999993443488875e-01
4.280000016093253867e-01
4.350000017881393566e-01
4.220000019669532532e-01
4.160000005364418163e-01
4.330000016093253912e-01
4.299999999999999933e-01
4.300000023841857866e-01
4.360000005364417786e-01
4.490000009536743164e-01
4.289999997615814298e-01
4.290000003576278642e-01
4.430000013113021828e-01
4.550000005960464500e-01
4.410000014305114902e-01
4.270000010728836060e-01
4.420000004768371848e-01
4.409999972581863381e-01
4.259999981522560319e-01
4.080000033974647278e-01
4.280000007152557351e-01
4.230000010132789479e-01
4.359999990463256925e-01
4.180000001192092918e-01
4.420000004768371848e-01
4.229999998211860790e-01
4.319999995827674688e-01
4.209999978542328103e-01
4.210000020265579068e-01
4.260000002384185525e-01
4.250000011920929133e-01
4.249999999999999889e-01
4.119999992847442893e-01
4.200000005960464744e-01
4.230000013113021651e-01
4.280000007152557351e-01
4.239999982714652838e-01
4.150000005960464700e-01
4.320000016689300448e-01
4.230000007152557306e-01
4.539999997615813965e-01
4.210000008344650380e-01
4.260000017285346940e-01
4.190000012516975625e-01
4.380000007152557440e-01
4.320000004768371760e-01
4.460000002384185702e-01
4.410000014305114902e-01
4.300000005960464278e-01
4.290000021457672230e-01
4.379999977350235163e-01
4.349999994039535633e-01
4.290000015497207886e-01
4.200000026822089949e-01
4.280000013113021695e-01
4.220000004768371671e-01
4.329999998211860879e-01
4.319999995827674688e-01
4.240000000596046426e-01
4.320000016689300448e-01
4.370000004768371804e-01
4.420000010728836193e-01
4.299999992549419225e-01
4.380000001192093095e-01
4.240000003576278598e-01
4.400000017881393610e-01
4.250000029802322166e-01
4.279999998211860834e-01
4.329999986290931635e-01
4.340000018477440102e-01
4.199999997019767672e-01
4.150000017881393388e-01
4.329999983310699463e-01
4.260000014305114768e-01
4.250000005960464233e-01
4.280000030994415283e-01
4.310000020265579157e-01
4.190000015497207797e-01
4.200000017881393433e-01
4.380000019073486128e-01
4.110000020265578979e-01
4.280000013113021695e-01
4.290000027418136574e-01
4.199999999999999845e-01
4.300000008940696450e-01
4.150000005960464700e-01
4.340000015497207375e-01
4.220000025629997431e-01
4.260000014305114768e-01
4.210000023245811240e-01
4.209999993443488964e-01
4.280000013113021695e-01
4.159999996423721091e-01
4.259999990463256836e-01
4.070000004768371538e-01
4.450000005960464411e-01
4.180000004172325090e-01
4.329999986290931635e-01
4.380000013113021784e-01
4.330000019073486084e-01
4.260000005364418252e-01
4.140000006556510681e-01
4.260000008344650424e-01
4.300000005960464278e-01
4.340000027418136619e-01
4.310000017285346985e-01
4.510000041127205095e-01
4.209999984502792447e-01
4.319999986886978172e-01
4.470000040531158514e-01
4.470000022649764926e-01
4.240000009536742942e-01
4.390000009536743075e-01
4.170000034570693903e-01
4.310000008344650468e-01
4.320000010728836104e-01
4.350000011920929222e-01
4.260000029206276184e-01
4.430000001192093140e-01
4.359999990463256925e-01
4.360000002384185613e-01
4.259999996423721180e-01
4.270000016689300404e-01
4.259999999403953352e-01
4.420000004768371848e-01
4.360000032186508445e-01
4.360000008344650513e-01
4.490000009536743164e-01
4.310000014305114813e-01
4.250000011920929133e-01
4.330000004172325223e-01
4.460000038146972878e-01
4.380000033974647544e-01
4.220000010728836015e-01
4.350000002980232150e-01
4.430000025033951072e-01
4.340000000596046514e-01
4.319999989867210344e-01
4.340000012516975203e-01
4.159999999403953819e-01
4.400000011920928711e-01
4.300000017881393521e-01
4.390000000596046559e-01
4.280000004172325179e-01
4.370000022649764837e-01
4.409999996423721313e-01
4.330000007152557395e-01
4.280000001192093007e-01
4.280000007152557351e-01
4.289999994635582126e-01
4.200000005960464744e-01
4.400000008940696539e-01
4.330000010132789567e-01
4.310000038146972745e-01
4.280000001192093007e-01
4.280000001192093007e-01
4.330000007152557395e-01
4.199999973177909740e-01
4.469999986886978305e-01
4.240000006556510770e-01
4.370000022649764837e-01
4.180000001192092918e-01
4.290000039339065818e-01
4.320000007748603932e-01
4.300000002980232106e-01
4.290000024437904402e-01
4.360000032186508445e-01
4.250000005960464233e-01
4.400000000000000022e-01
4.439999991655349532e-01
4.269999986886978127e-01
4.299999999999999933e-01
4.250000011920929133e-01
4.380000001192093095e-01
4.310000005364418296e-01
4.200000023841857777e-01
4.220000004768371671e-01
4.420000004768371848e-01
4.420000010728836193e-01
4.480000025033950561e-01
4.349999999999999978e-01
4.419999998807906949e-01
4.550000005960464500e-01
4.409999966621399037e-01
4.390000009536743075e-01
4.499999982118606523e-01
4.310000032186508401e-01
4.240000021457672186e-01
4.230000019073486550e-01
4.230000025033950894e-01
4.389999997615814387e-01
4.330000036954879672e-01
4.230000013113021651e-01
4.500000023841858043e-01
4.409999996423721313e-01
4.210000014305114724e-01
4.299999999999999933e-01
4.309999996423721225e-01
4.260000014305114768e-01
4.280000030994415283e-01
4.380000033974647544e-01
4.300000023841857866e-01
4.250000020861625649e-01
4.229999998211860790e-01
4.190000009536742898e-01
4.240000009536742942e-01
4.220000013709068187e-01
4.190000009536742898e-01
4.090000003576278464e-01
4.219999986886978083e-01
4.110000038146972567e-01
4.290000000596046470e-01
4.120000004768371582e-01
4.140000015497207753e-01
4.210000008344650380e-01
4.210000014305114724e-01
4.200000011920929088e-01
4.170000016689300315e-01
4.240000012516975669e-01
4.240000009536742942e-01
4.130000016093254289e-01
4.130000001192092873e-01
4.290000015497207886e-01
4.170000010728835971e-01
4.200000011920929088e-01
4.340000021457672275e-01
4.310000017285346985e-01
4.250000011920929133e-01
4.240000021457672186e-01
4.179999977350234985e-01
4.160000008344650335e-01
4.300000017881393521e-01
4.259999984502792492e-01
4.190000006556510725e-01
4.180000016093254334e-01
4.250000008940696961e-01
4.300000008940696450e-01
4.219999995827674599e-01
4.289999997615814298e-01
4.210000008344650380e-01
4.179999989271163674e-01
4.170000016689300315e-01
4.350000023841857910e-01
4.170000010728835971e-01
4.179999989271163674e-01
4.290000003576278642e-01
4.320000022649764793e-01
4.280000010132789523e-01
4.279999989271163763e-01
4.109999999403953774e-01
4.290000009536742986e-01
4.130000007152557218e-01
4.360000035166740617e-01
4.330000019073486084e-01
4.400000029802322299e-01
4.050000017881393299e-01
4.290000024437904402e-01
4.229999962449073614e-01
4.269999983906745955e-01
4.349999999999999978e-01
4.319999998807906860e-01
4.340000039339065308e-01
4.219999992847442427e-01
4.170000010728835971e-01
4.250000005960464233e-01
4.269999992847442472e-01
4.270000004768371715e-01
4.270000004768371715e-01
4.360000020265579201e-01
4.250000008940696961e-01
4.269999992847442472e-01
4.309999966621398948e-01
4.240000009536742942e-01
4.340000015497207375e-01
4.259999987483024664e-01
4.250000020861625649e-01
4.319999995827674688e-01
4.260000002384185525e-01
4.220000001788139499e-01
4.280000013113021695e-01
4.210000002384186035e-01
4.300000008940696450e-01
4.249999999999999889e-01
4.269999998807907371e-01
4.309999999403953397e-01
4.270000010728836060e-01
4.280000025033950939e-01
4.290000027418136574e-01
4.340000003576278687e-01
4.250000002980232061e-01
4.309999996423721225e-01
4.220000025629997431e-01
4.270000013709068232e-01
4.410000002384185658e-01
4.330000013113021740e-01
4.149999991059303284e-01
4.260000008344650424e-01
4.120000007748603754e-01
4.160000011324882507e-01
4.110000014305114635e-01
4.009999987483024442e-01
4.050000014901161127e-01
4.180000025033950850e-01
4.160000008344650335e-01
4.210000026226043968e-01
4.220000022649765259e-01
4.170000001788139454e-01
4.209999984502792447e-01
4.380000013113021784e-01
4.400000011920928711e-01
4.329999995231628152e-01
4.310000011324882641e-01
4.340000021457672275e-01
4.339999985694885098e-01
4.310000014305114813e-01
4.350000005960464322e-01
4.180000016093254334e-01
4.370000016689300493e-01
4.240000027418136530e-01
4.230000004172325134e-01
4.299999999999999933e-01
4.459999975562095598e-01
4.400000017881393610e-01
4.370000022649764837e-01
4.280000013113021695e-01
4.280000001192093007e-01
4.360000014305114857e-01
4.369999992847442560e-01
4.350000005960464322e-01
4.269999980926513783e-01
4.200000002980232017e-01
4.119999983906745822e-01
4.139999991655349820e-01
4.400000017881393610e-01
4.229999983310699374e-01
4.239999985694885010e-01
4.450000005960464411e-01
4.400000029802322299e-01
4.399999991059303506e-01
4.390000009536743075e-01
4.339999997615814342e-01
4.369999989867210388e-01
4.480000025033950561e-01
4.299999988079071245e-01
4.280000007152557351e-01
4.319999986886978172e-01
4.310000002384185569e-01
4.430000007152557484e-01
4.420000004768371848e-01
4.140000015497207753e-01
4.189999985694885520e-01
4.309999990463256880e-01
4.400000023841857955e-01
4.299999994039535589e-01
4.410000005364417830e-01
4.350000005960464322e-01
4.199999988079071156e-01
4.240000003576278598e-01
4.289999985694885054e-01
4.330000010132789567e-01
4.370000028610229736e-01
4.309999990463256880e-01
4.249999994039535545e-01
4.120000010728835926e-01
4.299999988079071245e-01
4.350000005960464322e-01
4.400000017881393610e-01
4.329999971389770774e-01
4.309999996423721225e-01
4.180000001192092918e-01
4.359999984502792580e-01
4.409999996423721313e-01
4.319999980926513827e-01
4.239999991655349909e-01
4.330000007152557395e-01
4.280000007152557351e-01
4.200000002980232017e-01
4.369999980926513872e-01
4.459999996423721358e-01
4.460000020265579290e-01
4.320000004768371760e-01
4.320000004768371760e-01
4.300000023841857866e-01
4.390000003576278731e-01
4.359999996423721269e-01
4.419999998807906949e-01
4.310000014305114813e-01
4.410000014305114902e-01
4.390000012516975247e-01
4.440000033378601052e-01
4.249999999999999889e-01
4.170000001788139454e-01
4.220000004768371671e-01
4.199999985098838984e-01
4.390000036358833180e-01
4.300000011920929177e-01
4.340000015497207375e-01
4.410000020265579246e-01
4.349999991059303461e-01
4.310000005364418296e-01
4.380000010132789612e-01
4.330000019073486084e-01
4.330000007152557395e-01
4.450000035762786688e-01
4.260000014305114768e-01
4.350000023841857910e-01
4.300000023841857866e-01
4.269999983906745955e-01
4.260000008344650424e-01
4.180000028014183022e-01
4.340000033378600963e-01
4.279999992251395935e-01
4.360000008344650513e-01
4.260000014305114768e-01
4.319999992847442516e-01
4.440000003576278775e-01
4.270000007748603887e-01
4.290000000596046470e-01
4.160000029206276095e-01
4.280000016093253867e-01
4.260000002384185525e-01
4.219999998807907327e-01
4.199999997019767672e-01
4.249999994039535545e-01
4.270000022649764748e-01
4.249999999999999889e-01
4.340000021457672275e-01
4.170000007748603799e-01
4.340000009536743031e-01
4.159999990463256747e-01
4.220000010728836015e-01
4.310000032186508401e-01
4.040000027418136352e-01
4.230000025033950894e-01
4.170000016689300315e-01
4.269999986886978127e-01
4.290000000596046470e-01
4.180000007152557262e-01
4.089999988675117604e-01
4.119999992847442893e-01
4.120000010728835926e-01
4.109999999403953774e-01
4.200000017881393433e-01
4.170000010728835971e-01
4.409999978542327725e-01
4.310000020265579157e-01
4.230000001192092962e-01
4.360000002384185613e-01
4.400000000000000022e-01
4.399999997019767850e-01
4.320000004768371760e-01
4.150000017881393388e-01
4.230000004172325134e-01
4.180000016093254334e-01
