669895.0
671135.0
671135.0
669895.0
671135.0
671135.0
669813.0
669895.0
669895.0
669895.0
983750.0
983750.0
983750.0
986655.0
986655.0
986655.0
986655.0
985390.0
986655.0
986655.0
1288656.0
1288669.0
1288669.0
1288669.0
1288669.0
1288669.0
1288669.0
1287938.0
1290235.0
1287938.0
1580288.0
1580288.0
1580288.0
1580288.0
1582129.0
1580288.0
1580288.0
1579037.0
1579037.0
1579037.0
1861041.0
1861041.0
1861041.0
1861041.0
1861041.0
1861041.0
1861041.0
1861041.0
1860600.0
1860600.0
2130310.0
2131231.0
2130558.0
2130558.0
2133987.0
2130558.0
2130558.0
2130558.0
2130558.0
2130558.0
2390101.0
2389992.0
2390101.0
2389992.0
2389992.0
2389992.0
2389992.0
2393179.0
2393179.0
2393179.0
2642203.0
2642203.0
2640370.0
2642203.0
2642203.0
2642203.0
2642203.0
2642203.0
2642203.0
2642203.0
2881762.0
2881762.0
2883052.0
2881076.0
2881762.0
2882978.0
2881076.0
2882673.0
2881672.0
2883052.0
3113996.0
3114400.0
3114400.0
3114400.0
3114400.0
3113996.0
3114951.0
3114167.0
3114167.0
3114951.0
3338016.0
3338016.0
3338808.0
3338298.0
3338257.0
3338257.0
3338257.0
3338808.0
3338808.0
3337781.0
3553059.0
3553059.0
3553059.0
3553059.0
3553737.0
3551705.0
3551705.0
3553566.0
3553213.0
3553059.0
3761771.0
3759808.0
3759808.0
3761756.0
3761771.0
3761771.0
3761771.0
3761771.0
3761771.0
3761771.0
3960845.0
3959402.0
3960327.0
3959402.0
3960845.0
3959402.0
3960845.0
3959402.0
3959402.0
3960725.0
4152402.0
4152402.0
4152402.0
4152982.0
4152982.0
4152708.0
4153410.0
4152402.0
4153410.0
4152708.0
4339147.0
4339429.0
4338894.0
4338860.0
4339429.0
4338860.0
4338860.0
4338075.0
4338894.0
4340313.0
4518001.0
4518209.0
4517771.0
4516853.0
4518001.0
4517366.0
4515561.0
4516853.0
4518001.0
4515561.0
4691074.0
4688635.0
4691250.0
4688768.0
4691250.0
4691250.0
4691763.0
4690832.0
4688768.0
4688635.0
4853448.0
4857812.0
4857812.0
4857812.0
4857812.0
4857875.0
4857148.0
4857241.0
4857241.0
4857241.0
5015371.0
5017888.0
5013643.0
5015371.0
5015371.0
5018119.0
5018119.0
5015450.0
5017255.0
5017255.0
5170962.0
5170962.0
5170962.0
5170962.0
5171393.0
5170693.0
5171393.0
5171393.0
5170693.0
5169989.0
5319034.0
5321873.0
5321873.0
5319986.0
5322883.0
5322883.0
5321108.0
5321108.0
5319945.0
5319986.0
5464201.0
5464201.0
5465625.0
5464756.0
5465625.0
5466996.0
5465625.0
5464997.0
5465625.0
5465923.0
5604326.0
5604326.0
5602601.0
5605439.0
5602601.0
5604326.0
5604678.0
5602601.0
5602601.0
5604647.0
5737790.0
5740749.0
5740359.0
5737956.0
5740749.0
5738241.0
5740290.0
5740359.0
5740749.0
5740359.0
5865629.0
5868131.0
5865629.0
5865629.0
5870012.0
5869404.0
5869679.0
5868239.0
5868239.0
5869404.0
5994675.0
5994980.0
5995308.0
5993930.0
5996230.0
5996545.0
5996230.0
5993930.0
5994980.0
5993253.0
6117354.0
6117354.0
6115013.0
6116485.0
6115013.0
6116751.0
6115872.0
6116656.0
6115698.0
6116656.0
6234934.0
6232953.0
6234680.0
6232953.0
6233279.0
6234856.0
6234680.0
6233771.0
6235766.0
6234856.0
6346920.0
6342843.0
6346575.0
6342843.0
6346924.0
6346924.0
6349074.0
6342843.0
6347664.0
6346575.0
6454935.0
6456946.0
6458108.0
6458108.0
6457152.0
6454383.0
6454383.0
6456946.0
6457152.0
6456834.0
6563236.0
6561947.0
6563236.0
6561947.0
6561320.0
6562173.0
6561947.0
6563473.0
6562242.0
6563236.0
6663523.0
6665472.0
6663523.0
6665701.0
6664564.0
6664564.0
6665472.0
6666141.0
6665667.0
6666141.0
6765053.0
6764733.0
6766467.0
6765053.0
6765053.0
6761513.0
6762247.0
6764029.0
6762247.0
6764029.0
6860364.0
6857755.0
6859275.0
6860130.0
6858834.0
6859275.0
6860364.0
6858901.0
6857593.0
6860364.0
6950629.0
6950629.0
6954043.0
6953295.0
6953319.0
6952049.0
6950629.0
6951363.0
6952049.0
6952049.0
7042306.0
7042436.0
7040222.0
7042436.0
7043746.0
7039910.0
7041533.0
7041533.0
7043746.0
7041363.0
7128963.0
7130474.0
7129738.0
7128963.0
7128505.0
7128963.0
7128963.0
7130474.0
7126882.0
7128963.0
7212930.0
7211670.0
7211670.0
7213596.0
7213596.0
7212917.0
7212917.0
7212930.0
7212177.0
7213596.0
7295060.0
7295060.0
7296379.0
7295963.0
7295963.0
7295060.0
7295963.0
7295963.0
7295060.0
7293685.0
7373080.0
7371933.0
7373080.0
7373080.0
7374663.0
7373638.0
7373638.0
7371933.0
7373494.0
7371933.0
7448168.0
7450593.0
7451931.0
7449624.0
7450668.0
7449624.0
7449911.0
7451931.0
7449624.0
7448330.0
7526070.0
7526070.0
7525048.0
7522342.0
7522847.0
7522342.0
7522962.0
7522962.0
7522847.0
7522342.0
7595399.0
7596416.0
7595399.0
7594044.0
7595399.0
7595399.0
7597071.0
7596416.0
7596416.0
7595354.0
7663920.0
7664530.0
7665520.0
7663638.0
7664530.0
7663920.0
7663638.0
7663920.0
7663920.0
7663920.0
7729587.0
7731780.0
7731511.0
7732591.0
7732691.0
7732691.0
7732691.0
7731511.0
7731511.0
7731511.0
7799367.0
7797409.0
7799367.0
7794757.0
7794757.0
7797999.0
7799363.0
7797291.0
7797409.0
7797999.0
7860819.0
7860819.0
7859727.0
7861595.0
7861285.0
7861026.0
7862646.0
7862646.0
7861285.0
7860819.0
7923741.0
7921607.0
7921762.0
7922726.0
7922930.0
7921762.0
7919539.0
7920575.0
7924524.0
7923741.0
7980328.0
7979547.0
7982388.0
7979547.0
7979248.0
7979547.0
7980328.0
7979248.0
7979547.0
7982388.0
8038661.0
8039016.0
8039016.0
8042783.0
8038466.0
8038466.0
8040065.0
8038466.0
8036190.0
8038329.0
8094415.0
8094415.0
8095360.0
8095119.0
8094912.0
8095119.0
8094415.0
8096610.0
8093000.0
8094415.0
8148650.0
8150456.0
8150456.0
8149975.0
8149423.0
8150919.0
8147878.0
8149423.0
8149270.0
8149270.0
8202793.0
8204894.0
8204894.0
8204894.0
8202182.0
8201807.0
8204894.0
8202182.0
8202182.0
8199999.0
8251345.0
8252904.0
8256440.0
8251890.0
8251754.0
8252971.0
8251345.0
8250423.0
8251890.0
8256440.0
8301153.0
8302309.0
8301211.0
8302156.0
8302211.0
8302156.0
8302211.0
8302211.0
8302156.0
8301153.0
8348928.0
8349668.0
8351084.0
8348038.0
8351084.0
8348715.0
8351084.0
8348715.0
8348786.0
8349668.0
8395436.0
8396772.0
8395785.0
8396772.0
8396772.0
8396211.0
8396211.0
8395436.0
8396211.0
8396211.0
8442587.0
8442587.0
8442587.0
8442587.0
8441334.0
8439832.0
8444019.0
8444019.0
8440097.0
8444019.0
8486792.0
8487292.0
8484688.0
8486808.0
8487598.0
8487598.0
8487598.0
8487292.0
8486808.0
8483289.0
8531381.0
8529838.0
8527926.0
8529696.0
8529696.0
8527989.0
8528710.0
8528710.0
8531381.0
8530759.0
8572114.0
8570893.0
8571961.0
8569683.0
8572253.0
8571776.0
8569412.0
8571961.0
8572253.0
8573626.0
8612367.0
8611593.0
8611419.0
8611718.0
8611381.0
8611718.0
8611593.0
8612367.0
8612178.0
8610246.0
8654188.0
8650191.0
8650292.0
8650665.0
8653431.0
8653431.0
8650292.0
8650191.0
8650292.0
8650665.0
8690950.0
8688616.0
8688616.0
8686537.0
8690653.0
8690653.0
8691170.0
8689998.0
8686537.0
8689998.0
8727497.0
8727554.0
8727497.0
8725134.0
8727554.0
8726181.0
8726100.0
8726181.0
8729553.0
8729851.0
8765189.0
8764075.0
8763953.0
8761974.0
8763953.0
8762074.0
8761974.0
8761844.0
8762886.0
8762886.0
8798367.0
8795537.0
8798106.0
8798577.0
8798801.0
8795145.0
8800451.0
8798801.0
8800451.0
8798801.0
8833213.0
8832444.0
8830564.0
8832670.0
8830380.0
8830564.0
8832670.0
8832670.0
8833298.0
8832670.0
8865908.0
8865106.0
8865908.0
8865760.0
8865106.0
8865908.0
8869130.0
8869130.0
8869130.0
8869130.0
8898253.0
8898939.0
8897728.0
8898313.0
8897659.0
8898428.0
8897521.0
8898732.0
8898253.0
8898253.0
8928165.0
8930063.0
8929922.0
8929922.0
8929074.0
8929933.0
8930063.0
8929329.0
8928165.0
8930063.0
8961906.0
8960016.0
8960392.0
8959236.0
8960016.0
8959236.0
8960016.0
8961906.0
8961223.0
8961467.0
8990911.0
8989574.0
8990911.0
8990421.0
8989093.0
8990419.0
8991496.0
8989093.0
8990612.0
8991496.0
9020294.0
9018080.0
9018483.0
9018080.0
9018080.0
9021893.0
9020294.0
9020294.0
9021893.0
9018109.0
9047348.0
9047064.0
9047064.0
9047031.0
9047064.0
9048958.0
9047064.0
9047273.0
9047273.0
9048369.0
9072688.0
9075344.0
9075344.0
9075344.0
9075344.0
9076753.0
9076753.0
9076753.0
9074715.0
9076753.0
9102622.0
9102774.0
9102566.0
9102009.0
9099747.0
9103693.0
9102622.0
9102622.0
9099747.0
9099747.0
9127114.0
9127729.0
9128073.0
9128073.0
9128073.0
9127114.0
9127176.0
9127114.0
9127176.0
9128073.0
9152342.0
9153582.0
9153582.0
9152342.0
9152342.0
9152342.0
9152926.0
9153182.0
9152631.0
9152631.0
9176766.0
9178390.0
9176766.0
9176820.0
9177873.0
9177873.0
9176766.0
9176780.0
9179077.0
9176820.0
9200113.0
9200637.0
9201275.0
9201275.0
9199251.0
9200113.0
9200792.0
9200729.0
9200729.0
9201275.0
9224424.0
9224424.0
9223895.0
9227276.0
9223895.0
9224291.0
9223787.0
9225971.0
9227276.0
9225971.0
9249626.0
9247769.0
9248294.0
9248294.0
9247967.0
9249626.0
9247703.0
9247703.0
9247348.0
9249654.0
9271646.0
9268766.0
9266419.0
9270807.0
9269652.0
9271787.0
9268766.0
9269652.0
9274383.0
9268766.0
9290539.0
9290539.0
9295073.0
9290539.0
9292110.0
9288999.0
9295969.0
9288999.0
9294440.0
9292110.0
9312400.0
9310598.0
9312714.0
9312400.0
9312565.0
9312400.0
9312565.0
9311501.0
9313941.0
9311902.0
9333510.0
9333052.0
9335837.0
9335837.0
9331732.0
9333510.0
9332213.0
9331048.0
9335837.0
9332732.0
9353087.0
9351438.0
9351765.0
9351765.0
9353087.0
9351886.0
9353405.0
9353405.0
9351886.0
9351765.0
9372464.0
9372464.0
9372464.0
9369816.0
9372464.0
9371253.0
9369816.0
9371667.0
9372945.0
9371001.0
9388698.0
9389585.0
9389585.0
9391285.0
9391285.0
9389686.0
9391285.0
9389153.0
9389153.0
9391285.0
9407609.0
9408650.0
9408275.0
9408448.0
9408275.0
9408162.0
9408275.0
9407767.0
9407609.0
9407609.0
9427445.0
9424524.0
9427445.0
9425289.0
9425289.0
9425289.0
9424938.0
9424524.0
9425553.0
9426525.0
9442925.0
9444801.0
9442277.0
9442593.0
9442925.0
9444890.0
9442563.0
9444001.0
9444801.0
9442277.0
9462156.0
9462156.0
9459449.0
9458696.0
9459970.0
9459449.0
9459970.0
9458696.0
9459630.0
9463306.0
9477842.0
9479895.0
9477360.0
9478350.0
9477842.0
9477540.0
9478231.0
9476869.0
9474403.0
9474403.0
9489884.0
9493846.0
9489884.0
9493448.0
9493718.0
9493718.0
9494258.0
9489884.0
9489884.0
9493718.0
9508534.0
9506976.0
9507822.0
9509268.0
9509351.0
9509351.0
9507822.0
9508534.0
9506165.0
9506165.0
9524147.0
9524950.0
9524147.0
9524950.0
9524616.0
9520509.0
9524583.0
9524950.0
9524243.0
9524243.0
9538937.0
9537022.0
9540847.0
9540847.0
9539747.0
9538937.0
9538937.0
9540926.0
9538937.0
9539623.0
