0.092
0.115
0.125
0.122
0.122
0.147
0.117
0.132
0.14
0.145
0.117
0.115
0.141
0.118
0.137
0.138
0.13
0.132
0.118
0.143
0.12
0.123
0.113
0.108
0.122
0.126
0.135
0.13
0.132
0.127
0.116
0.127
0.133
0.133
0.124
0.134
0.14
0.128
0.138
0.146
0.125
0.135
0.143
0.139
0.157
0.156
0.132
0.133
0.127
0.14
0.123
0.134
0.129
0.147
0.141
0.156
0.163
0.169
0.172
0.174
0.147
0.153
0.161
0.175
0.18
0.178
0.182
0.188
0.184
0.18
0.157
0.175
0.183
0.187
0.196
0.197
0.205
0.204
0.203
0.199
0.181
0.197
0.196
0.197
0.194
0.196
0.196
0.192
0.191
0.191
0.192
0.197
0.204
0.192
0.205
0.194
0.19
0.205
0.206
0.219
0.218
0.215
0.215
0.208
0.219
0.23
0.235
0.226
0.229
0.236
0.245
0.233
0.252
0.244
0.244
0.25
0.241
0.241
0.257
0.247
0.255
0.245
0.255
0.25
0.246
0.258
0.255
0.258
0.262
0.264
0.255
0.262
0.274
0.266
0.269
0.279
0.264
0.272
0.273
0.274
0.284
0.268
0.274
0.283
0.281
0.272
0.285
0.296
0.278
0.284
0.292
0.301
0.285
0.298
0.289
0.279
0.304
0.291
0.301
0.299
0.298
0.303
0.292
0.294
0.301
0.309
0.317
0.305
0.307
0.314
0.31
0.312
0.316
0.313
0.315
0.324
0.333
0.313
0.322
0.327
0.331
0.335
0.345
0.33
0.326
0.328
0.33
0.347
0.346
0.354
0.328
0.362
0.341
0.346
0.359
0.351
0.344
0.354
0.351
0.354
0.356
0.356
0.365
0.361
0.368
0.353
0.371
0.374
0.368
0.367
0.383
0.363
0.38
0.381
0.383
0.383
0.385
0.402
0.398
0.392
0.401
0.393
0.371
0.391
0.38
0.402
0.384
0.395
0.415
0.398
0.425
0.414
0.414
0.427
0.398
0.429
0.423
0.428
0.422
0.425
0.405
0.425
0.43
0.426
0.435
0.425
0.434
0.431
0.442
0.436
0.445
0.447
0.45
0.452
0.436
0.456
0.443
0.434
0.452
0.45
0.457
0.455
0.47
0.474
0.466
0.442
0.46
0.44
0.473
0.449
0.473
0.486
0.477
0.459
0.442
0.457
0.48
0.482
0.471
0.486
0.474
0.471
0.484
0.475
0.497
0.477
0.476
0.501
0.491
0.479
0.499
0.499
0.487
0.496
0.505
0.488
0.506
0.464
0.508
0.493
0.518
0.514
0.504
0.508
0.511
0.498
0.504
0.511
0.526
0.513
0.513
0.495
0.525
0.526
0.505
0.509
0.518
0.497
0.513
0.531
0.523
0.532
0.53
0.552
0.514
0.536
0.524
0.548
0.525
0.525
0.536
0.52
0.528
0.542
0.542
0.552
0.548
0.53
0.553
0.528
0.554
0.531
0.555
0.526
0.544
0.551
0.557
0.556
0.566
0.566
0.543
0.576
0.555
0.574
0.566
0.59
0.603
0.562
0.564
0.572
0.572
0.579
0.586
0.558
0.588
0.57
0.571
0.581
0.581
0.573
0.606
0.6
0.552
0.591
0.619
0.582
0.573
0.585
0.575
0.595
0.594
0.605
0.61
0.604
0.611
0.596
0.613
0.613
0.633
0.594
0.597
0.627
0.606
0.586
0.62
0.614
0.603
0.594
0.627
0.627
0.637
0.621
0.612
0.62
0.597
0.619
0.618
0.605
0.642
0.613
0.643
0.654
0.631
0.631
0.624
0.636
0.647
0.653
0.642
0.649
0.655
0.633
0.623
0.638
0.656
0.652
0.637
0.644
0.661
0.654
0.654
0.652
0.66
0.654
0.643
0.64
0.664
0.671
0.65
0.673
0.681
0.67
0.66
0.662
0.665
0.671
0.649
0.665
0.666
0.674
0.701
0.657
0.664
0.666
0.676
0.666
0.696
0.674
0.681
0.68
0.688
0.692
0.687
0.706
0.691
0.711
0.691
0.696
0.697
0.688
0.709
0.696
0.715
0.694
0.675
0.684
0.697
0.674
0.683
0.732
0.711
0.702
0.692
0.701
0.696
0.719
0.698
0.687
0.709
0.715
0.719
0.699
0.723
0.712
0.719
0.71
0.712
0.707
0.743
0.7
0.728
0.72
0.721
0.712
0.705
0.713
0.732
0.716
0.727
0.72
0.73
0.711
0.707
0.718
0.728
0.723
0.735
0.739
0.729
0.743
0.734
0.747
0.713
0.711
0.745
0.754
0.745
0.732
0.761
0.737
0.764
0.757
0.74
0.732
0.739
0.728
0.74
0.751
0.718
0.767
0.74
0.752
0.77
0.769
0.752
0.775
0.774
0.751
0.749
0.733
0.783
0.768
0.77
0.766
0.773
0.763
0.742
0.758
0.732
0.779
0.771
0.801
0.784
0.755
0.755
0.768
0.78
0.754
0.756
0.773
0.784
0.773
0.782
0.791
0.779
0.796
0.751
0.76
0.766
0.794
0.808
0.798
0.793
0.777
0.8
0.76
0.775
0.788
0.792
0.814
0.805
0.805
0.804
0.79
0.778
0.777
0.787
0.766
0.802
0.773
0.82
0.818
0.797
0.791
0.795
0.824
0.795
0.824
0.803
0.797
0.795
0.801
0.805
0.813
0.793
0.796
0.791
0.804
0.824
0.813
0.795
0.814
0.824
0.816
0.805
0.81
0.788
0.821
0.806
0.804
0.828
0.794
0.804
0.821
0.826
0.821
0.831
0.805
0.811
0.814
0.837
0.823
0.795
0.832
0.813
0.828
0.816
0.821
0.832
0.83
0.822
0.844
0.816
0.825
0.825
0.851
0.823
0.817
0.817
0.811
0.839
0.85
0.822
0.824
0.827
0.824
0.827
0.83
0.812
0.807
0.855
0.865
0.865
0.841
0.836
0.846
0.843
0.862
0.812
0.836
0.854
0.845
0.853
0.842
0.863
0.844
0.839
0.834
0.839
0.839
0.858
0.866
0.848
0.845
0.843
0.843
0.836
0.861
0.834
0.827
0.883
0.878
0.842
0.851
0.82
0.861
0.865
0.868
0.832
0.852
0.87
0.857
0.858
0.844
0.859
0.858
0.85
0.86
0.871
0.837
0.88
0.879
0.86
0.845
0.856
0.85
0.863
0.869
0.845
0.867
0.884
0.881
0.846
0.854
0.86
0.884
0.845
0.879
0.869
0.88
0.88
0.867
0.871
0.869
0.849
0.861
0.862
0.886
0.845
0.869
0.899
0.856
0.879
0.88
0.872
0.876
0.866
0.849
0.858
0.882
0.906
0.901
0.879
0.893
0.875
0.863
0.884
0.872
0.877
0.867
0.892
0.889
0.877
0.885
0.884
0.88
0.873
0.874
0.881
0.869
0.89
0.891
0.888
0.902
0.889
0.881
0.893
0.878
0.891
0.854
0.909
0.897
0.888
0.873
0.891
0.879
0.889
0.89
0.883
0.864
0.893
0.905
0.893
0.863
0.91
0.863
0.9
0.874
0.874
0.873
0.899
0.894
0.893
0.87
0.888
0.911
0.884
0.879
0.876
0.871
0.897
0.906
0.879
0.891
0.879
0.869
0.904
0.869
0.885
0.902
0.916
0.894
0.911
0.897
0.888
0.878
0.896
0.91
0.897
0.906
0.902
0.91
0.895
0.897
0.897
0.884
0.875
0.899
0.899
0.874
0.907
0.906
0.916
0.901
0.89
0.897
0.893
0.88
0.901
0.909
0.924
0.903
0.914
0.908
0.902
0.888
0.901
0.912
0.884
0.895
0.917
0.918
0.913
0.913
0.915
0.934
0.914
0.886
0.886
0.914
0.909
0.904
0.895
0.9
0.902
0.905
0.924
0.915
0.902
0.891
0.926
0.93
0.918
0.899
0.903
0.905
0.92
0.916
0.902
0.913
0.946
0.917
0.924
0.896
0.915
0.913
0.903
0.903
0.93
0.919
0.921
0.919
0.911
0.902
0.9
0.906
0.907
0.913
0.908
0.92
0.935
0.922
0.928
0.914
0.93
0.881
0.91
0.9
0.917
0.913
0.931
0.91
0.919
0.903
0.9
0.911
0.905
0.916
0.903
0.911
0.92
0.922
0.915
0.91
0.918
0.901
0.904
0.926
0.917
0.895
0.931
0.917
0.939
0.927
0.892
0.916
0.921
0.922
0.936
0.933
0.939
0.92
0.919
0.92
0.911
0.917
0.918
0.923
0.914
0.907
0.937
0.928
0.93
0.931
0.916
0.925
0.923
0.92
0.938
0.924
0.922
0.948
0.934
0.923
0.919
0.927
0.927
0.935
0.932
0.927
0.93
0.933
0.928
0.927
0.91
0.89
0.902
0.905
0.897
0.942
