0.136
0.158
0.186
0.174
0.182
0.164
0.176
0.192
0.236
0.216
0.172
0.202
0.209
0.218
0.204
0.224
0.227
0.25
0.253
0.266
0.247
0.264
0.269
0.277
0.283
0.284
0.294
0.289
0.305
0.308
0.3
0.314
0.308
0.312
0.303
0.323
0.321
0.334
0.338
0.341
0.34
0.333
0.344
0.353
0.354
0.348
0.371
0.369
0.359
0.377
0.377
0.368
0.376
0.375
0.382
0.387
0.386
0.384
0.38
0.394
0.394
0.385
0.377
0.392
0.399
0.396
0.399
0.405
0.403
0.406
0.397
0.4
0.398
0.41
0.402
0.416
0.409
0.404
0.401
0.394
0.404
0.406
0.409
0.416
0.412
0.413
0.419
0.405
0.412
0.415
0.399
0.415
0.41
0.413
0.409
0.413
0.417
0.42
0.421
0.418
0.405
0.42
0.412
0.419
0.418
0.414
0.425
0.424
0.417
0.424
0.415
0.416
0.418
0.422
0.418
0.413
0.403
0.417
0.413
0.439
0.426
0.416
0.407
0.426
0.414
0.406
0.4
0.41
0.422
0.418
0.433
0.411
0.408
0.417
0.405
0.413
0.407
0.403
0.42
0.414
0.418
0.417
0.424
0.419
0.41
0.433
0.42
0.415
0.417
0.397
0.418
0.423
0.408
0.413
0.409
0.414
0.404
0.411
0.417
0.417
0.414
0.415
0.413
0.425
0.421
0.417
0.417
0.397
0.406
0.409
0.407
0.414
0.418
0.414
0.414
0.407
0.407
0.423
0.421
0.4
0.399
0.399
0.412
0.412
0.409
0.416
0.399
0.399
0.393
0.427
0.424
0.42
0.408
0.414
0.424
0.408
0.413
0.416
0.43
0.413
0.419
0.411
0.415
0.427
0.409
0.424
0.421
0.409
0.419
0.417
0.418
0.415
0.403
0.409
0.408
0.409
0.411
0.414
0.41
0.422
0.411
0.416
0.404
0.41
0.421
0.416
0.401
0.412
0.421
0.421
0.416
0.412
0.41
0.404
0.404
0.411
0.41
0.4
0.402
0.409
0.413
0.414
0.424
0.415
0.415
0.413
0.417
0.41
0.412
0.411
0.418
0.413
0.405
0.415
0.407
0.402
0.403
0.417
0.411
0.405
0.426
0.408
0.431
0.411
0.41
0.418
0.411
0.41
0.41
0.417
0.432
0.412
0.408
0.413
0.409
0.407
0.409
0.415
0.419
0.414
0.435
0.417
0.436
0.417
0.423
0.418
0.407
0.408
0.418
0.402
0.418
0.428
0.412
0.418
0.416
0.421
0.411
0.41
0.417
0.405
0.421
0.424
0.412
0.407
0.405
0.403
0.402
0.41
0.402
0.411
0.421
0.413
0.419
0.421
0.401
0.416
0.416
0.408
0.415
0.407
0.423
0.417
0.411
0.415
0.407
0.418
0.4
0.422
0.423
0.423
0.414
0.419
0.407
0.429
0.403
0.414
0.415
0.406
0.422
0.415
0.411
0.411
0.417
0.426
0.409
0.408
0.396
0.408
0.411
0.405
0.413
0.419
0.423
0.418
0.396
0.408
0.402
0.408
0.407
0.402
0.426
0.411
0.41
0.413
0.413
0.417
0.416
0.396
0.414
0.405
0.417
0.418
0.413
0.41
0.415
0.42
0.409
0.412
0.41
0.424
0.425
0.414
0.43
0.432
0.407
0.405
0.401
0.412
0.408
0.401
0.421
0.424
0.414
0.405
0.408
0.399
0.415
0.423
0.404
0.417
0.411
0.418
0.408
0.406
0.412
0.406
0.406
0.414
0.404
0.395
0.427
0.404
0.41
0.409
0.404
0.404
0.426
0.418
0.396
0.406
0.421
0.434
0.424
0.422
0.428
0.413
0.422
0.409
0.409
0.401
0.415
0.414
0.413
0.415
0.408
0.401
0.409
0.397
0.404
0.413
0.424
0.415
0.416
0.406
0.416
0.406
0.408
0.406
0.402
0.403
0.417
0.416
0.413
0.404
0.41
0.413
0.4
0.421
0.425
0.411
0.41
0.423
0.415
0.42
0.407
0.404
0.405
0.413
0.402
0.41
0.424
0.415
0.412
0.405
0.416
0.403
0.393
0.425
0.398
0.409
0.427
0.414
0.417
0.406
0.4
0.413
0.405
0.409
0.404
0.397
0.421
0.42
0.404
0.405
0.399
0.397
0.396
0.397
0.395
0.413
0.421
0.409
0.407
0.419
0.421
0.416
0.407
0.403
0.401
0.413
0.411
0.412
0.396
0.408
0.402
0.425
0.411
0.411
0.413
0.41
0.421
0.417
0.411
0.423
0.407
0.41
0.398
0.402
0.412
0.422
0.41
0.421
0.408
0.415
0.399
0.422
0.398
0.403
0.427
0.414
0.421
0.399
0.41
0.398
0.408
0.392
0.393
0.402
0.406
0.398
0.406
0.397
0.419
0.409
0.389
0.407
0.392
0.406
0.399
0.393
0.417
0.412
0.409
0.399
0.409
0.405
0.404
0.396
0.404
0.408
0.411
0.415
0.411
0.396
0.397
0.428
0.401
0.395
0.393
0.397
0.411
0.402
0.404
0.393
0.404
0.398
0.4
0.387
0.393
0.4
0.407
0.407
0.389
0.403
0.397
0.402
0.403
0.392
0.425
0.395
0.413
0.399
0.398
0.407
0.405
0.401
0.396
0.389
0.394
0.405
0.402
0.398
0.395
0.397
0.396
0.409
0.388
0.393
0.402
0.407
0.423
0.421
0.415
0.401
0.417
0.434
0.405
0.404
0.394
0.387
0.418
0.416
0.412
0.398
0.389
0.405
0.403
0.392
0.413
0.406
0.41
0.391
0.414
0.399
0.397
0.396
0.406
0.4
0.402
0.392
0.411
0.405
0.402
0.404
0.394
0.406
0.402
0.402
0.384
0.397
0.404
0.407
0.418
0.408
0.408
0.394
0.395
0.391
0.391
0.402
0.393
0.398
0.404
0.396
0.404
0.391
0.39
0.395
0.38
0.384
0.423
0.397
0.393
0.393
0.4
0.393
0.401
0.387
0.379
0.38
0.404
0.399
0.395
0.412
0.405
0.392
0.39
0.388
0.393
0.384
0.402
0.396
0.397
0.402
0.394
0.388
0.376
0.4
0.398
0.408
0.404
0.391
0.406
0.391
0.388
0.403
0.392
0.397
0.386
0.376
0.403
0.402
0.409
0.396
0.382
0.397
0.397
0.37
0.385
0.391
0.409
0.393
0.408
0.393
0.405
0.396
0.384
0.384
0.385
0.388
0.406
0.393
0.389
0.383
0.402
0.402
0.386
0.399
0.389
0.388
0.409
0.388
0.381
0.396
0.384
0.385
0.376
0.382
0.372
0.393
0.4
0.395
0.396
0.39
0.4
0.399
0.391
0.388
0.38
0.376
0.398
0.399
0.386
0.391
0.388
0.367
0.378
0.376
0.368
0.387
0.396
0.398
0.391
0.392
0.393
0.389
0.385
0.376
0.383
0.367
0.386
0.387
0.386
0.375
0.385
0.381
0.372
0.37
0.37
0.387
0.382
0.393
0.371
0.374
0.367
0.356
0.37
0.365
0.365
0.374
0.384
0.383
0.375
0.358
0.377
0.375
0.362
0.354
0.36
0.369
0.391
0.373
0.376
0.372
0.369
0.354
0.367
0.36
0.346
0.366
0.367
0.365
0.378
0.353
0.356
0.37
0.36
0.352
0.362
0.358
0.359
0.361
0.372
0.354
0.376
0.358
0.345
0.363
0.353
0.355
0.385
0.355
0.372
0.352
0.376
0.367
0.359
0.379
0.357
0.355
0.377
0.379
0.358
0.384
0.367
0.349
0.351
0.371
0.351
0.348
0.378
0.386
0.355
0.362
0.354
0.353
0.355
0.386
0.378
0.34
0.37
0.369
0.375
0.371
0.364
0.349
0.367
0.365
0.36
0.362
0.379
0.372
0.358
0.372
0.359
0.369
0.369
0.369
0.368
0.366
0.374
0.387
0.372
0.356
0.357
0.375
0.381
0.362
0.37
0.363
0.398
0.392
0.39
0.364
0.371
0.364
0.356
0.362
0.361
0.366
0.392
0.383
0.366
0.378
0.363
0.372
0.385
0.385
0.358
0.361
0.383
0.376
0.379
0.405
0.381
0.371
0.366
0.362
0.378
0.367
0.376
0.387
0.38
0.372
0.381
0.377
0.371
0.373
0.367
0.372
0.389
0.369
0.391
0.366
0.376
0.373
0.362
0.371
0.363
0.364
0.391
0.385
0.368
0.388
0.369
0.389
0.376
0.386
0.368
0.366
0.371
0.367
0.359
0.356
0.362
0.366
0.377
0.355
0.366
0.371
0.382
0.377
0.386
0.377
0.375
0.373
0.37
0.364
0.367
0.348
0.373
0.389
0.373
0.36
0.361
0.365
0.366
0.369
0.368
0.349
