8.900000199675560386e-02
8.900000199675560386e-02
8.900000199675560386e-02
8.900000199675560386e-02
8.900000199675560386e-02
8.900000199675560386e-02
8.900000199675560386e-02
8.900000199675560386e-02
8.900000199675560386e-02
8.900000199675560386e-02
8.900000199675560386e-02
1.460000029951334100e-01
8.900000199675560386e-02
1.070000023394823141e-01
1.580000036209821823e-01
1.050000020861625721e-01
1.620000036805868127e-01
1.780000026524067025e-01
1.820000024139881156e-01
1.740000027418136530e-01
1.900000030547380481e-01
1.960000032931566161e-01
1.830000036954879672e-01
2.090000031888484822e-01
2.150000037252902951e-01
2.210000023245811407e-01
2.140000026673078426e-01
2.280000032484531536e-01
2.140000025182962340e-01
2.410000016540289058e-01
2.520000040531158447e-01
2.490000031143426995e-01
2.360000031441450152e-01
2.630000028014183311e-01
2.540000020712613882e-01
2.800000010430812591e-01
2.580000024288892635e-01
2.570000030100345612e-01
2.470000024139881178e-01
2.760000032931566039e-01
2.780000043660402209e-01
2.890000018477439925e-01
2.640000031143426851e-01
2.730000025033950672e-01
2.840000033378601296e-01
2.860000034421682491e-01
2.850000038743019104e-01
2.800000026822090371e-01
3.010000009834766233e-01
2.910000027716159732e-01
3.170000015199184173e-01
3.070000024139881156e-01
3.070000015199184640e-01
2.980000033974647411e-01
3.150000035762786643e-01
3.070000021159648984e-01
3.230000017583370409e-01
3.220000027120113462e-01
3.189999999850988144e-01
3.100000006705522781e-01
3.120000027120113373e-01
3.150000046193599523e-01
3.170000027120113417e-01
3.020000025629997475e-01
3.280000029504299142e-01
3.370000009238720007e-01
3.260000025480985775e-01
3.280000022053718434e-01
3.260000017285347162e-01
3.300000023841858088e-01
3.480000011622905731e-01
3.380000019073486350e-01
3.360000033676624476e-01
3.570000019669532509e-01
3.560000020265579046e-01
3.560000000149011745e-01
3.500000005960464677e-01
3.470000027120113129e-01
3.500000007450580486e-01
3.590000019967555800e-01
3.660000023245811307e-01
3.690000009536743009e-01
3.640000003576278620e-01
3.700000026822090060e-01
3.590000033378600852e-01
3.680000025033950961e-01
3.670000028610229670e-01
3.690000025928020233e-01
3.620000025629997453e-01
3.740000006556510881e-01
3.770000015199184151e-01
3.660000017285346963e-01
3.600000011920929111e-01
3.680000010132789545e-01
3.740000027418136641e-01
3.749999991059303484e-01
3.780000010132789634e-01
3.590000024437904336e-01
3.760000041127204984e-01
3.830000026524066903e-01
3.720000025629996987e-01
3.840000003576278798e-01
3.730000025033951006e-01
3.720000001788139610e-01
3.900000017881393166e-01
3.880000025033950584e-01
3.690000016987323717e-01
3.809999993443489164e-01
3.700000020116567812e-01
3.910000002384185769e-01
3.770000014454126247e-01
3.940000021457671919e-01
3.799999997019767872e-01
3.800000001490115853e-01
3.880000028014183311e-01
3.900000011920928822e-01
3.980000019073486328e-01
3.950000029802322454e-01
3.839999997615814453e-01
3.830000007152557506e-01
3.920000004768371404e-01
3.920000016689300648e-01
4.030000025033950717e-01
3.909999996423721424e-01
3.970000019669532865e-01
3.919999998807907060e-01
3.860000017285347140e-01
4.050000032782554715e-01
4.030000033974647788e-01
3.990000008046626911e-01
4.080000028014182933e-01
4.100000008940696827e-01
3.990000006556511103e-01
4.060000011324882419e-01
4.090000000596046292e-01
4.150000008940696872e-01
4.170000013709068143e-01
4.090000006556511192e-01
4.000000002980232394e-01
4.070000001788139365e-01
3.930000010132789767e-01
3.920000016689300648e-01
3.980000019073486328e-01
4.040000006556511147e-01
4.000000008940696739e-01
3.989999991655349687e-01
4.050000008940696783e-01
4.090000009536743364e-01
3.940000012516975403e-01
3.910000017285347185e-01
4.120000025629997342e-01
4.119999995827675066e-01
3.980000010132789812e-01
4.010000008344650202e-01
4.000000005960464566e-01
3.890000021457671875e-01
4.010000023245811618e-01
4.090000015497207708e-01
4.029999989271164096e-01
3.800000023841857977e-01
4.049999997019767539e-01
4.080000036954880005e-01
3.950000000000000178e-01
3.980000028014182845e-01
3.960000002384185813e-01
4.050000017881393299e-01
3.950000011920928866e-01
4.130000007152557218e-01
4.139999991655349820e-01
4.070000001788139365e-01
3.960000032186508090e-01
4.040000012516975492e-01
4.190000027418136486e-01
4.009999978542327925e-01
4.110000011324882463e-01
3.990000006556511103e-01
4.040000000596046248e-01
3.910000000894069405e-01
3.889999997615813943e-01
4.029999998211860612e-01
4.079999995231628485e-01
4.069999998807907193e-01
4.130000004172325045e-01
4.140000027418136441e-01
3.970000022649765037e-01
4.130000001192092873e-01
3.820000004768371316e-01
3.990000006556511103e-01
4.060000017285346763e-01
4.080000033974647278e-01
4.110000029206276051e-01
3.980000033974647744e-01
4.050000023841857644e-01
3.860000014305114968e-01
4.010000017285346718e-01
4.160000020265579024e-01
4.190000015497207797e-01
4.270000019669532576e-01
4.180000007152557262e-01
4.070000010728835882e-01
4.040000018477439836e-01
3.839999991655349554e-01
4.090000006556511192e-01
4.070000019669532954e-01
4.150000014901161216e-01
4.149999979138374595e-01
4.120000013709068098e-01
4.190000006556510725e-01
4.169999971985817178e-01
4.180000004172325090e-01
4.170000007748603799e-01
4.210000002384186035e-01
4.190000006556510725e-01
4.209999990463256792e-01
4.120000025629997342e-01
3.990000000596046204e-01
3.990000018477439792e-01
4.070000016689300781e-01
4.069999991357326485e-01
4.000000008940696739e-01
4.040000021457672008e-01
4.020000013709068565e-01
4.180000030994415194e-01
4.080000019073486417e-01
4.130000023543834442e-01
3.970000004768371449e-01
3.940000008046626867e-01
3.890000003576278842e-01
4.069999992847442849e-01
3.900000008940696650e-01
4.010000014305114546e-01
3.820000001788139143e-01
3.900000008940696650e-01
4.090000006556511192e-01
4.010000026226043790e-01
4.060000008344650246e-01
4.180000016093254334e-01
4.180000004172325090e-01
4.080000022053718589e-01
3.980000007152557640e-01
4.170000007748603799e-01
4.190000021457672141e-01
4.200000017881393433e-01
4.150000005960464700e-01
4.020000016689300737e-01
4.070000010728835882e-01
4.070000007748603710e-01
4.140000003576278509e-01
4.180000022053718678e-01
4.120000001788139410e-01
4.109999999403953774e-01
4.130000001192092873e-01
4.190000003576278553e-01
4.189999988675117693e-01
4.020000028610229426e-01
4.139999985694885476e-01
4.090000003576278464e-01
4.030000022053718545e-01
4.080000001192092829e-01
4.140000027418136441e-01
4.140000009536743408e-01
4.099999988079071067e-01
4.150000008940696872e-01
4.190000021457672141e-01
4.130000013113022117e-01
3.949999991059303106e-01
4.259999996423721180e-01
4.140000006556510681e-01
4.130000010132789390e-01
4.080000004172325001e-01
4.220000010728836015e-01
4.120000007748603754e-01
4.170000010728835971e-01
4.230000013113021651e-01
4.070000010728835882e-01
4.119999989867210166e-01
4.190000015497207797e-01
4.100000005960464655e-01
4.070000004768371538e-01
4.150000002980231972e-01
4.229999992251396446e-01
4.090000006556511192e-01
4.159999999403953819e-01
3.880000004172325379e-01
4.000000014901161083e-01
4.190000009536742898e-01
4.100000002980232483e-01
4.140000040829181494e-01
4.060000026226043834e-01
4.170000025629997387e-01
4.170000022649765214e-01
3.820000028610229248e-01
4.220000028610229603e-01
4.140000012516975580e-01
4.210000014305114724e-01
4.060000005364418074e-01
4.130000010132789390e-01
4.100000017881393344e-01
4.040000036358833424e-01
3.980000019073486328e-01
4.130000001192092873e-01
4.060000038146972523e-01
3.990000030398369035e-01
4.070000010728835882e-01
4.109999996423721047e-01
4.120000019669532998e-01
3.869999992847442671e-01
3.930000016093254112e-01
4.070000031590461642e-01
4.030000019073486373e-01
3.969999998807907104e-01
4.079999992251396312e-01
3.960000029206275918e-01
4.070000004768371538e-01
3.999999985098838806e-01
4.070000037550925986e-01
4.070000055432319574e-01
4.100000023841857688e-01
4.180000013113021606e-01
3.969999992847442760e-01
4.209999993443488964e-01
4.170000013709068143e-01
4.299999999999999933e-01
4.200000008940696916e-01
4.250000011920929133e-01
4.239999997615814253e-01
4.159999984502792403e-01
4.189999997615814209e-01
4.050000035762786887e-01
4.140000012516975580e-01
4.110000038146972567e-01
4.240000012516975669e-01
4.050000017881393299e-01
4.109999993443488875e-01
4.200000014901161260e-01
4.340000030398368791e-01
4.029999992251396268e-01
4.090000033378601296e-01
4.229999989271163718e-01
4.260000023245811285e-01
4.319999998807906860e-01
4.010000017285346718e-01
4.289999997615814298e-01
4.080000051856040866e-01
4.239999997615814253e-01
4.110000047087669639e-01
4.130000007152557218e-01
4.080000028014182933e-01
4.140000000596046337e-01
4.180000036954879539e-01
4.290000018477440058e-01
4.190000033378600830e-01
4.250000011920929133e-01
4.010000002384185858e-01
4.180000004172325090e-01
4.070000010728835882e-01
4.100000017881393344e-01
4.180000004172325090e-01
4.149999991059303284e-01
4.150000017881393388e-01
4.240000021457672186e-01
4.190000018477439969e-01
4.120000001788139410e-01
4.169999992847442383e-01
4.190000009536742898e-01
4.220000001788139499e-01
4.220000016689300359e-01
4.190000018477439969e-01
4.179999998211860746e-01
4.160000014305114679e-01
4.120000025629997342e-01
4.230000016093253823e-01
4.129999995231628529e-01
3.999999973177910118e-01
3.860000011324882241e-01
4.040000009536743319e-01
3.940000009536743231e-01
4.139999997615814165e-01
4.230000007152557306e-01
4.079999977350234897e-01
4.060000011324882419e-01
4.260000014305114768e-01
4.230000019073486550e-01
4.240000021457672186e-01
4.220000031590461775e-01
4.310000023245811329e-01
4.269999969005584539e-01
3.989999997615814031e-01
4.110000020265578979e-01
4.210000008344650380e-01
4.280000036954879628e-01
4.260000002384185525e-01
4.269999980926513783e-01
4.100000017881393344e-01
4.230000016093253823e-01
4.169999998807907282e-01
4.210000023245811240e-01
4.140000012516975580e-01
4.230000019073486550e-01
4.339999979734420754e-01
4.350000017881393566e-01
4.180000010132789434e-01
4.300000014901161349e-01
4.350000023841857910e-01
4.230000007152557306e-01
4.240000012516975669e-01
4.219999992847442427e-01
4.160000005364418163e-01
4.360000020265579201e-01
4.370000004768371804e-01
4.259999999403953352e-01
4.250000002980232061e-01
4.260000005364418252e-01
4.260000020265579113e-01
4.260000023245811285e-01
4.309999999403953397e-01
4.080000007152557173e-01
4.159999996423721091e-01
4.230000039935111755e-01
4.320000034570694036e-01
4.080000022053718589e-01
4.360000041127204962e-01
4.090000027418136397e-01
4.189999991655349865e-01
4.350000044703483670e-01
4.200000011920929088e-01
4.210000002384186035e-01
4.070000028610229470e-01
4.150000029802322632e-01
4.130000001192092873e-01
4.290000018477440058e-01
4.280000013113021695e-01
4.350000005960464322e-01
4.270000001788139543e-01
4.240000021457672186e-01
4.190000024437904314e-01
4.200000023841857777e-01
4.219999998807907327e-01
4.030000013113022028e-01
4.090000027418136397e-01
4.300000008940696450e-01
4.229999983310699374e-01
4.169999998807907282e-01
4.180000004172325090e-01
4.099999994039535411e-01
4.230000007152557306e-01
4.309999978542327637e-01
4.250000005960464233e-01
4.130000025033950806e-01
4.180000030994415194e-01
4.220000007748603843e-01
4.130000019073486461e-01
4.230000001192092962e-01
4.280000016093253867e-01
4.340000039339065308e-01
4.240000036358833047e-01
4.290000039339065818e-01
4.150000038743019148e-01
4.160000011324882507e-01
4.320000025629997520e-01
4.240000009536742942e-01
4.340000009536743031e-01
4.280000042915343972e-01
4.350000026822090082e-01
4.270000031590461820e-01
4.120000028610229514e-01
4.210000014305114724e-01
4.450000000000000067e-01
4.270000025629997475e-01
4.360000044107437134e-01
4.240000018477440014e-01
4.380000036954879716e-01
4.150000041723251321e-01
4.430000042915344105e-01
4.300000038743019282e-01
4.230000019073486550e-01
4.410000041127205006e-01
4.300000029802322210e-01
4.360000038146972789e-01
4.380000048875808960e-01
4.410000011324882729e-01
4.210000014305114724e-01
4.300000041723251454e-01
4.340000030398368791e-01
4.390000033378601008e-01
4.380000025033951028e-01
4.369999986886978216e-01
4.450000029802322343e-01
4.369999989867210388e-01
4.310000008344650468e-01
4.380000025033951028e-01
4.330000001192093051e-01
4.400000037252903007e-01
4.300000020861625694e-01
4.120000007748603754e-01
4.250000014901161305e-01
4.379999995231628196e-01
4.390000003576278731e-01
4.450000011920928755e-01
4.370000019669532665e-01
4.470000004768371338e-01
4.680000007152557151e-01
4.379999995231628196e-01
4.510000011324882263e-01
4.519999998807907038e-01
4.590000018477439769e-01
4.400000020861625782e-01
4.389999997615814387e-01
4.410000020265579246e-01
4.340000009536743031e-01
4.270000040531158336e-01
4.480000030994415461e-01
4.480000019073486217e-01
4.510000002384185747e-01
4.560000002384185791e-01
4.330000010132789567e-01
4.330000042915344016e-01
4.369999992847442560e-01
4.300000005960464278e-01
4.400000014901161438e-01
4.360000014305114857e-01
4.450000011920928755e-01
4.340000003576278687e-01
4.359999996423721269e-01
4.490000006556510992e-01
4.540000021457671897e-01
4.470000004768371338e-01
4.319999998807906860e-01
4.469999995827674821e-01
4.319999998807906860e-01
4.360000014305114857e-01
4.200000029802322121e-01
4.310000008344650468e-01
4.309999987483024708e-01
4.290000006556510814e-01
4.250000022351742013e-01
4.480000007152557528e-01
4.370000001788139077e-01
4.170000016689300315e-01
4.270000010728836060e-01
4.350000020861625738e-01
4.140000006556510681e-01
4.259999993443489008e-01
4.330000010132789567e-01
4.339999997615814342e-01
4.250000023841857821e-01
4.209999984502792447e-01
4.250000026822089993e-01
4.400000032782554471e-01
4.330000022053718811e-01
4.229999998211860790e-01
4.390000006556510903e-01
4.249999991059303373e-01
4.450000038743018860e-01
4.490000003576278820e-01
4.440000027418136708e-01
4.360000020265579201e-01
4.370000019669532665e-01
4.180000028014183022e-01
4.400000023841857955e-01
4.409999996423721313e-01
4.209999996423721136e-01
4.370000010728836148e-01
4.389999988675117315e-01
4.240000018477440014e-01
4.160000026226043923e-01
4.090000021457672053e-01
4.300000023841857866e-01
4.290000009536742986e-01
4.200000008940696916e-01
4.330000004172325223e-01
4.130000019073486461e-01
4.250000020861625649e-01
4.140000024437904269e-01
4.300000017881393521e-01
4.200000047683715709e-01
4.300000047683715798e-01
4.170000004768371626e-01
4.089999985694885432e-01
4.130000028014182978e-01
4.100000002980232483e-01
4.170000034570693903e-01
4.150000004470348336e-01
4.220000037550926120e-01
4.019999988377094269e-01
4.100000011920928999e-01
4.110000011324882463e-01
4.220000010728836015e-01
4.090000027418136397e-01
4.120000016689300271e-01
4.240000006556510770e-01
4.140000003576278509e-01
4.169999980926513694e-01
4.240000021457672186e-01
4.210000020265579068e-01
4.259999993443489008e-01
4.340000021457672275e-01
4.300000023841857866e-01
4.250000005960464233e-01
4.350000005960464322e-01
4.319999992847442516e-01
4.300000011920929177e-01
4.260000014305114768e-01
4.260000020265579113e-01
4.210000011324882552e-01
4.200000023841857777e-01
4.310000002384185569e-01
4.160000029206276095e-01
4.270000019669532576e-01
4.150000011920929044e-01
4.429999989271163896e-01
4.300000026822090038e-01
4.310000017285346985e-01
4.359999984502792580e-01
4.110000011324882463e-01
4.180000010132789434e-01
4.290000009536742986e-01
4.210000014305114724e-01
4.260000005364418252e-01
4.170000010728835971e-01
4.280000007152557351e-01
4.340000003576278687e-01
4.110000011324882463e-01
4.090000012516975536e-01
4.140000030398368613e-01
4.100000008940696827e-01
4.130000007152557218e-01
4.130000004172325045e-01
4.220000016689300359e-01
4.200000023841857777e-01
4.229999995231628618e-01
4.240000021457672186e-01
4.260000002384185525e-01
4.280000019073486595e-01
4.260000017285346940e-01
4.120000022649765170e-01
4.109999990463256703e-01
4.110000002384185946e-01
4.060000023245811662e-01
4.140000003576278509e-01
4.050000002980232439e-01
4.099999999999999756e-01
4.120000004768371582e-01
4.209999996423721136e-01
4.170000031590461731e-01
4.290000009536742986e-01
4.150000008940696872e-01
4.169999995827675110e-01
4.360000008344650513e-01
4.250000023841857821e-01
4.200000029802322121e-01
4.229999998211860790e-01
4.330000007152557395e-01
4.299999988079071245e-01
4.350000011920929222e-01
4.250000023841857821e-01
4.220000013709068187e-01
4.289999997615814298e-01
4.020000016689300737e-01
4.349999997019767806e-01
4.370000031590461909e-01
4.120000016689300271e-01
4.040000012516975492e-01
4.260000008344650424e-01
4.169999992847442383e-01
4.300000008940696450e-01
4.080000016093254245e-01
4.440000027418136708e-01
4.190000027418136486e-01
4.350000011920929222e-01
4.360000026226043546e-01
4.340000021457672275e-01
4.259999999403953352e-01
4.370000037550926253e-01
4.109999990463256703e-01
4.320000019669532620e-01
4.100000014901161172e-01
4.149999997019767628e-01
4.120000016689300271e-01
4.129999998211860701e-01
4.189999985694885520e-01
4.420000010728836193e-01
4.240000003576278598e-01
4.260000017285346940e-01
4.210000023245811240e-01
4.260000005364418252e-01
4.240000006556510770e-01
4.209999999403953308e-01
4.190000006556510725e-01
4.230000022053718722e-01
4.180000019073486506e-01
4.190000048279762246e-01
4.220000010728836015e-01
4.340000006556510859e-01
4.339999997615814342e-01
4.180000048875808782e-01
4.200000002980232017e-01
4.240000024437904358e-01
4.230000010132789479e-01
4.270000016689300404e-01
4.360000011324882685e-01
4.270000001788139543e-01
4.170000010728835971e-01
4.100000023841857688e-01
4.190000009536742898e-01
4.140000015497207753e-01
4.270000001788139543e-01
4.090000039339065641e-01
4.110000020265578979e-01
4.090000030398368569e-01
4.170000033080578095e-01
4.259999990463256836e-01
4.290000012516975159e-01
4.200000008940696916e-01
4.109999993443488875e-01
4.159999999403953819e-01
4.330000045895576744e-01
4.210000023245811240e-01
4.100000026822090415e-01
4.240000006556510770e-01
4.330000004172325223e-01
4.259999996423721180e-01
4.270000013709068232e-01
4.280000007152557351e-01
4.280000010132789523e-01
4.320000016689300448e-01
4.240000012516975669e-01
4.240000015497207841e-01
4.189999994635582037e-01
4.079999989271164140e-01
4.269999986886978127e-01
4.240000006556510770e-01
4.200000035762787021e-01
4.239999991655349909e-01
4.270000013709068232e-01
4.230000004172325134e-01
4.250000008940696961e-01
4.210000014305114724e-01
4.290000027418136574e-01
4.219999989867210255e-01
4.280000010132789523e-01
4.220000016689300359e-01
4.379999995231628196e-01
4.210000011324882552e-01
4.249999994039535545e-01
4.320000040531158381e-01
4.290000000596046470e-01
4.290000021457672230e-01
4.250000002980232061e-01
4.270000016689300404e-01
4.170000001788139454e-01
4.260000026226043457e-01
4.290000015497207886e-01
4.269999998807907371e-01
4.370000028610229736e-01
4.450000017881393655e-01
4.320000007748603932e-01
4.219999998807907327e-01
4.300000017881393521e-01
4.130000010132789390e-01
4.260000020265579113e-01
4.200000005960464744e-01
4.190000036358833557e-01
4.280000001192093007e-01
4.300000029802322210e-01
4.109999987483024531e-01
4.300000005960464278e-01
4.280000001192093007e-01
4.390000030398368835e-01
4.370000031590461909e-01
4.280000001192093007e-01
4.260000005364418252e-01
4.189999994635582037e-01
4.150000008940696872e-01
4.190000036358833557e-01
4.190000015497207797e-01
4.270000019669532576e-01
4.170000016689300315e-01
4.109999981522560186e-01
4.120000010728835926e-01
4.249999997019767717e-01
4.180000004172325090e-01
4.290000015497207886e-01
4.300000008940696450e-01
4.069999992847442849e-01
4.210000002384186035e-01
4.180000013113021606e-01
4.250000011920929133e-01
4.340000024437904447e-01
4.149999999999999800e-01
4.280000004172325179e-01
4.050000011920928955e-01
4.220000007748603843e-01
4.250000007450580597e-01
4.190000021457672141e-01
4.180000030994415194e-01
4.150000008940696872e-01
4.310000032186508401e-01
4.289999988675117226e-01
4.159999990463256747e-01
4.159999999403953819e-01
4.150000011920929044e-01
4.420000013709068365e-01
4.140000036358833513e-01
4.170000013709068143e-01
4.260000020265579113e-01
4.180000004172325090e-01
4.239999997615814253e-01
4.310000011324882641e-01
4.190000012516975625e-01
4.160000023245811196e-01
4.199999991059303328e-01
4.180000022053718678e-01
4.319999998807906860e-01
4.059999993443488830e-01
4.160000020265579024e-01
4.350000011920929222e-01
4.280000016093253867e-01
4.370000013709068321e-01
4.360000023245811374e-01
4.300000017881393521e-01
4.360000005364417786e-01
4.280000007152557351e-01
4.319999995827674688e-01
4.290000006556510814e-01
4.370000007748603976e-01
4.349999979138374218e-01
4.070000001788139365e-01
4.210000008344650380e-01
4.230000039935111755e-01
4.100000011920928999e-01
4.290000009536742986e-01
4.230000013113021651e-01
4.280000016093253867e-01
4.160000002384185991e-01
4.259999999403953352e-01
4.160000017285346852e-01
4.180000007152557262e-01
4.250000002980232061e-01
4.240000006556510770e-01
4.130000014603137926e-01
4.250000035762787065e-01
4.300000008940696450e-01
4.240000009536742942e-01
4.239999994635582081e-01
4.280000023543834575e-01
4.250000017881393477e-01
4.190000009536742898e-01
4.250000005960464233e-01
4.170000004768371626e-01
4.150000020861625560e-01
4.290000012516975159e-01
4.090000012516975536e-01
4.230000039935111755e-01
4.169999998807907282e-01
4.179999992251396401e-01
4.320000022649764793e-01
4.259999987483024664e-01
4.180000010132789434e-01
4.310000035166740573e-01
4.349999997019767806e-01
4.320000001788139588e-01
4.259999987483024664e-01
4.270000022649764748e-01
4.360000026226043546e-01
4.259999987483024664e-01
4.129999992251396357e-01
4.120000013709068098e-01
4.259999996423721180e-01
4.160000005364418163e-01
4.060000014305114591e-01
4.380000016093253956e-01
4.199999997019767672e-01
4.269999980926513783e-01
4.210000008344650380e-01
4.350000008940696494e-01
4.239999997615814253e-01
4.249999991059303373e-01
4.289999985694885054e-01
4.330000010132789567e-01
4.529999992251396157e-01
4.389999997615814387e-01
4.249999991059303373e-01
4.439999985694885187e-01
4.370000016689300493e-01
4.420000013709068365e-01
4.520000034570694214e-01
4.230000025033950894e-01
4.330000004172325223e-01
4.340000018477440102e-01
4.250000029802322166e-01
4.180000010132789434e-01
4.350000020861625738e-01
4.380000007152557440e-01
4.330000019073486084e-01
4.300000029802322210e-01
4.319999998807906860e-01
4.340000009536743031e-01
4.330000010132789567e-01
4.430000036954879761e-01
4.330000030994415328e-01
4.309999996423721225e-01
4.360000011324882685e-01
4.319999989867210344e-01
4.239999994635582081e-01
4.400000002980232194e-01
4.120000019669532998e-01
4.260000005364418252e-01
4.280000004172325179e-01
4.310000032186508401e-01
4.250000005960464233e-01
4.490000024437904580e-01
4.380000022053718300e-01
4.170000016689300315e-01
4.260000023245811285e-01
4.380000033974647544e-01
4.410000029206275762e-01
4.440000009536743120e-01
4.430000028014183244e-01
4.600000032782554649e-01
4.449999991059303550e-01
4.390000030398368835e-01
4.470000010728836237e-01
4.400000029802322299e-01
4.389999994635582214e-01
4.410000032186507934e-01
4.370000001788139077e-01
4.340000024437904447e-01
4.410000029206275762e-01
4.380000023543834664e-01
4.379999986290931679e-01
4.410000023245811418e-01
4.329999992251395979e-01
4.290000027418136574e-01
4.510000023245811507e-01
4.400000011920928711e-01
4.330000016093253912e-01
4.320000022649764793e-01
4.360000005364417786e-01
4.339999994635582170e-01
4.259999978542328147e-01
4.319999983906745999e-01
4.310000005364418296e-01
4.410000008344650002e-01
4.420000004768371848e-01
4.350000008940696494e-01
4.410000005364417830e-01
4.490000024437904580e-01
4.329999995231628152e-01
4.500000017881393699e-01
4.340000021457672275e-01
4.290000012516975159e-01
4.250000005960464233e-01
4.430000019073486173e-01
4.360000029206275718e-01
4.180000017583370142e-01
4.230000010132789479e-01
4.250000008940696961e-01
4.260000002384185525e-01
4.320000019669532620e-01
4.370000007748603976e-01
4.290000024437904402e-01
4.350000032782554427e-01
4.290000009536742986e-01
4.310000005364418296e-01
4.120000019669532998e-01
4.130000007152557218e-01
4.140000018477439925e-01
4.400000000000000022e-01
4.240000021457672186e-01
4.310000014305114813e-01
4.240000003576278598e-01
4.250000011920929133e-01
4.260000033676624165e-01
4.049999988079071023e-01
4.130000002682209237e-01
4.320000019669532620e-01
4.280000028014183111e-01
4.240000045299530118e-01
4.259999999403953352e-01
4.380000030994415372e-01
4.410000005364417830e-01
4.360000023245811374e-01
4.370000046491622769e-01
4.340000006556510859e-01
4.210000020265579068e-01
4.300000029802322210e-01
4.320000010728836104e-01
4.420000031590461953e-01
4.430000030994415416e-01
4.429999992251396068e-01
4.130000013113022117e-01
4.260000020265579113e-01
4.260000035166740529e-01
4.280000007152557351e-01
4.260000038146972701e-01
4.220000034570693948e-01
4.200000026822089949e-01
4.270000004768371715e-01
4.320000013709068276e-01
