8.400000140070915111e-02
1.120000030100345573e-01
1.100000020116567584e-01
1.030000022053718517e-01
1.100000026077032067e-01
1.120000022649765004e-01
1.040000019967556033e-01
1.120000021904706961e-01
1.120000024884939133e-01
1.120000024139881090e-01
1.120000021159648917e-01
1.170000021904707005e-01
1.340000026673078548e-01
1.120000025629997314e-01
1.300000029802322321e-01
1.220000024139881178e-01
1.390000023692846420e-01
1.470000020414590769e-01
1.790000022947788316e-01
1.320000027865171344e-01
1.700000034272670657e-01
1.720000032335519680e-01
1.720000030100345689e-01
1.820000024884939060e-01
1.880000032484531458e-01
1.910000034421682480e-01
2.060000031441450163e-01
2.190000030398368824e-01
2.010000030696391937e-01
2.200000025331974030e-01
2.240000034123659223e-01
2.160000026971101716e-01
2.220000040531158458e-01
2.380000032484531347e-01
2.420000035315751918e-01
2.430000028014183133e-01
2.480000030249357168e-01
2.470000021159649006e-01
2.420000019669532876e-01
2.550000018626451537e-01
2.440000031143426951e-01
2.560000037401914397e-01
2.680000042915344216e-01
2.720000027865171477e-01
2.830000019818544321e-01
2.650000024586915970e-01
2.700000024586916014e-01
2.910000006109476067e-01
2.820000010728835882e-01
2.770000012218952201e-01
2.900000007450580508e-01
2.720000026375055113e-01
2.930000028014183022e-01
2.860000022500753247e-01
2.930000034719705826e-01
2.890000025928020633e-01
2.780000033974647788e-01
2.980000026524066703e-01
3.090000016987323739e-01
3.020000019669532576e-01
3.200000004470348602e-01
3.180000026524066881e-01
2.960000023245811240e-01
3.220000004768371338e-01
3.150000035762786643e-01
3.260000012814998627e-01
3.240000014007091700e-01
3.240000031888484733e-01
3.290000009536743208e-01
3.340000024437904114e-01
3.290000030398368969e-01
3.470000016689300804e-01
3.350000020861625405e-01
3.700000014901161371e-01
3.330000002682209082e-01
3.590000006556510748e-01
3.570000019669532509e-01
3.410000005364418052e-01
3.450000035762786910e-01
3.530000007152557240e-01
3.620000027120113262e-01
3.740000015497207397e-01
3.660000029206276206e-01
3.709999999403953419e-01
3.649999999999999911e-01
3.740000003576278709e-01
3.730000033974647522e-01
3.570000006258487457e-01
3.820000028610229248e-01
3.670000019669532598e-01
3.810000023245811440e-01
3.770000010728836171e-01
3.850000013411045141e-01
3.970000004768371449e-01
4.080000022053718589e-01
3.780000016093253978e-01
4.050000026822090371e-01
3.980000019073486328e-01
3.990000022202730423e-01
3.930000033974647700e-01
4.070000022649765126e-01
4.069999986886977950e-01
4.189999985694885520e-01
4.070000019669532954e-01
3.860000017285347140e-01
4.050000020861625472e-01
4.050000032782554715e-01
4.029999990761279904e-01
4.110000017285346807e-01
4.240000006556510770e-01
4.240000021457672186e-01
4.109999993443488875e-01
4.050000017881393299e-01
4.220000042021274655e-01
4.320000034570694036e-01
4.219999971985817222e-01
4.059999996423721558e-01
4.189999997615814209e-01
4.100000008940696827e-01
4.390000027418136663e-01
4.160000023245811196e-01
4.440000045299530296e-01
4.509999984502792159e-01
4.470000004768371338e-01
4.430000013113021828e-01
4.270000004768371715e-01
4.529999986290931813e-01
4.350000011920929222e-01
4.520000010728836282e-01
4.410000002384185658e-01
4.520000028610229315e-01
4.409999996423721313e-01
4.450000023841857999e-01
4.559999996423721447e-01
4.590000012516975425e-01
4.370000016689300493e-01
4.670000028610229448e-01
4.970000010728836126e-01
4.580000022053718478e-01
4.670000028610229448e-01
4.640000000596046226e-01
4.460000017285347118e-01
4.580000022053718478e-01
4.499999997019767939e-01
4.490000015497207508e-01
4.740000011026859195e-01
4.730000013113022095e-01
4.530000016093254089e-01
4.689999997615814098e-01
4.610000029206275940e-01
4.660000020265579468e-01
4.620000004768371471e-01
4.860000014305114746e-01
4.649999997019767517e-01
4.890000033378600897e-01
4.699999999999999734e-01
4.709999990463256681e-01
4.670000028610229448e-01
4.600000023841858132e-01
4.780000028014183000e-01
4.660000035166740329e-01
4.960000014305114835e-01
4.980000007152557417e-01
4.849999982118606834e-01
4.990000000596046537e-01
4.840000027418136508e-01
4.940000039339065285e-01
5.110000020265579312e-01
4.980000025033951006e-01
4.870000022649765281e-01
5.010000020265579224e-01
4.870000016689300382e-01
4.830000007152557284e-01
4.799999982118606789e-01
4.939999979734420732e-01
4.890000012516975136e-01
4.869999992847442449e-01
5.079999995231628818e-01
5.060000014305114924e-01
4.749999994039535434e-01
5.010000014305114879e-01
4.930000001192093029e-01
4.730000010132789368e-01
4.979999995231628174e-01
4.880000025033950917e-01
5.110000008344650624e-01
5.160000053048133806e-01
4.970000010728836126e-01
5.060000044107436645e-01
5.189999985694885298e-01
5.130000019073486239e-01
5.220000004768371449e-01
5.210000026226043746e-01
5.160000005364417941e-01
5.399999982118606212e-01
5.120000040531158536e-01
5.210000020265579401e-01
4.960000017285347007e-01
4.949999994039535611e-01
5.280000001192093340e-01
5.400000002980231972e-01
5.570000016689300448e-01
5.140000021457672430e-01
5.410000050067901300e-01
5.340000015497207153e-01
5.270000010728835838e-01
5.370000055432320174e-01
5.300000047683716131e-01
5.490000021457671631e-01
5.340000069141388472e-01
5.349999970197677479e-01
5.379999977350234941e-01
5.230000013113021984e-01
5.340000051259994329e-01
5.459999993443489519e-01
5.370000016689300271e-01
5.390000021457672652e-01
5.240000003576278376e-01
5.469999974966048839e-01
5.529999989271163763e-01
5.190000027418136819e-01
5.530000019073486595e-01
5.460000067949295488e-01
5.530000001192092451e-01
5.220000010728835793e-01
5.400000023841857733e-01
5.359999996423721047e-01
5.650000011920929266e-01
5.540000021457671675e-01
5.480000019073486550e-01
5.510000056028365734e-01
5.210000008344650713e-01
5.510000008344649869e-01
5.430000001192092363e-01
5.459999996423721136e-01
5.290000003576278420e-01
5.710000002384185702e-01
5.460000008344649824e-01
5.660000011324882729e-01
5.580000013113022295e-01
5.500000000000000444e-01
5.440000009536742898e-01
5.360000032186508223e-01
5.739999979734420332e-01
5.730000007152556973e-01
5.630000030994415372e-01
5.720000010728836237e-01
5.710000020265578735e-01
5.570000001788139032e-01
5.600000000000000533e-01
5.720000040531157959e-01
5.670000016689300537e-01
5.710000020265578735e-01
5.580000025033950983e-01
5.650000053644180786e-01
5.540000033378601474e-01
5.780000001192092673e-01
5.800000023841858088e-01
5.510000041127205428e-01
5.659999990463256969e-01
5.860000023245811596e-01
5.870000028610229403e-01
5.770000010728836282e-01
5.800000005960463945e-01
5.610000038146972789e-01
5.740000009536743164e-01
5.790000003576278864e-01
5.790000009536743208e-01
5.829999995231628374e-01
5.750000005960465010e-01
5.849999976158142267e-01
5.950000005960464078e-01
5.850000035762786821e-01
5.750000035762786732e-01
6.030000025033950273e-01
5.940000027418136375e-01
5.930000019073485840e-01
5.700000005960464966e-01
5.940000039339065063e-01
5.920000004768372071e-01
5.730000025033951117e-01
6.140000003576279175e-01
5.750000017881393699e-01
5.870000010728836370e-01
6.129999959468841464e-01
5.840000027418136286e-01
6.039999973773956254e-01
5.990000033378600763e-01
5.689999979734420288e-01
5.919999992847442272e-01
6.079999959468841420e-01
5.949999994039535389e-01
5.979999965429305675e-01
5.869999986886977883e-01
5.880000025033951250e-01
6.010000032186507690e-01
6.030000007152557240e-01
6.060000032186507735e-01
5.800000029802322432e-01
6.180000019073486062e-01
6.040000003576279086e-01
5.930000042915344327e-01
6.029999989271164207e-01
6.059999978542327526e-01
6.019999992847442360e-01
6.050000035762786998e-01
5.959999972581863092e-01
6.109999984502791914e-01
6.149999988079071223e-01
6.260000008344650535e-01
6.030000030994415727e-01
6.140000021457672208e-01
6.129999959468841464e-01
6.180000025033950406e-01
6.050000005960464167e-01
6.130000013113021673e-01
6.120000016689300937e-01
6.049999988079071134e-01
6.209999996423721802e-01
6.450000023841857555e-01
5.960000020265578957e-01
6.130000036954880160e-01
6.110000008344650402e-01
6.270000028610229759e-01
6.340000015497208041e-01
6.090000027418136508e-01
6.259999984502792048e-01
6.080000007152557284e-01
6.220000016689301026e-01
6.260000056028366400e-01
6.250000029802322832e-01
6.220000040531158403e-01
6.390000015497208086e-01
6.150000035762787087e-01
6.220000010728835571e-01
6.250000011920928689e-01
6.379999983310699063e-01
6.269999992847442583e-01
6.190000021457672252e-01
6.470000034570694281e-01
6.529999959468841819e-01
6.210000020265579179e-01
6.390000009536742631e-01
6.250000035762787176e-01
6.300000029802322876e-01
6.470000022649764482e-01
6.419999980926514027e-01
6.389999973773956565e-01
6.340000009536743697e-01
6.420000022649765548e-01
6.249999979138374240e-01
6.540000009536742764e-01
6.489999967813492310e-01
6.559999990463256658e-01
6.320000010728835660e-01
6.639999985694885476e-01
6.620000046491623102e-01
6.460000032186508090e-01
6.429999983310699108e-01
6.430000001192093251e-01
6.419999957084655540e-01
6.669999980926513139e-01
6.610000056028365600e-01
6.440000003576278331e-01
6.590000009536742809e-01
6.500000035762787398e-01
6.340000021457672386e-01
6.680000013113022161e-01
6.359999966621399103e-01
6.350000000000000089e-01
6.589999991655349776e-01
6.640000003576278509e-01
6.779999989271163763e-01
6.469999969005584273e-01
6.400000053644180342e-01
6.549999958276748746e-01
6.750000011920929133e-01
6.510000002384185303e-01
6.630000001192093428e-01
6.580000013113022073e-01
6.609999984502792358e-01
6.670000034570694458e-01
6.739999997615814253e-01
6.520000016689300182e-01
6.290000003576278198e-01
6.369999945163726807e-01
6.630000042915343839e-01
6.460000002384185258e-01
6.819999980926513272e-01
6.360000002384186280e-01
6.550000000000000266e-01
6.549999970197677435e-01
6.729999971389770685e-01
6.529999983310699196e-01
6.770000034570693437e-01
6.689999955892562689e-01
6.470000010728835793e-01
6.720000016689300359e-01
6.600000017881393344e-01
6.740000003576278598e-01
6.879999983310699507e-01
6.579999959468841864e-01
6.729999995231628063e-01
6.480000013113021984e-01
6.659999984502792403e-01
6.900000035762786643e-01
6.809999996423721225e-01
6.789999973773955810e-01
6.839999973773955855e-01
6.789999985694885609e-01
6.910000002384185658e-01
6.710000002384185480e-01
6.920000022649764881e-01
6.549999988079071578e-01
6.860000008344649958e-01
6.889999973773955899e-01
6.849999988079070734e-01
6.779999971389770730e-01
7.140000021457671986e-01
6.709999996423721136e-01
6.860000014305114302e-01
7.060000002384185791e-01
6.860000020265579757e-01
6.910000008344650002e-01
6.940000009536743120e-01
6.880000007152556885e-01
6.980000030994415461e-01
6.890000021457671764e-01
6.829999983310699463e-01
6.710000008344649824e-01
6.879999971389770819e-01
6.759999984502792492e-01
7.090000009536743253e-01
6.709999996423721136e-01
6.949999999999999512e-01
7.050000023841858088e-01
6.840000003576278687e-01
6.859999978542328236e-01
6.800000023841857866e-01
6.969999957084656028e-01
7.110000014305114524e-01
7.000000011920929355e-01
7.220000052452086869e-01
7.070000004768371982e-01
7.140000003576278953e-01
7.069999969005584806e-01
7.060000032186508623e-01
6.859999960660934093e-01
6.949999988079070823e-01
7.099999964237213579e-01
7.199999994039535389e-01
6.850000000000000533e-01
7.029999971389770952e-01
6.890000063180923284e-01
7.039999997615814520e-01
6.969999992847442094e-01
7.059999990463257102e-01
7.119999980926513539e-01
7.269999986886978016e-01
7.059999942779541238e-01
7.200000011920928422e-01
6.909999990463256969e-01
7.090000009536743253e-01
6.870000040531158980e-01
6.990000009536743164e-01
6.810000008344649913e-01
6.919999969005584672e-01
7.320000040531158270e-01
6.770000034570693437e-01
7.049999982118606567e-01
7.089999985694884765e-01
7.239999973773956210e-01
7.080000036954879894e-01
7.159999990463257191e-01
7.289999938011169078e-01
7.290000021457672119e-01
7.150000023841858177e-01
7.099999988079070956e-01
7.149999952316283824e-01
7.099999988079070956e-01
7.009999990463257058e-01
7.240000009536743386e-01
7.210000032186507646e-01
7.259999990463257280e-01
7.189999973773956166e-01
7.350000011920928555e-01
7.060000014305114480e-01
7.060000002384185791e-01
7.160000014305114568e-01
7.369999992847442449e-01
7.129999989271164074e-01
7.450000023841858443e-01
7.309999942779541460e-01
7.149999964237213623e-01
7.360000026226043435e-01
7.360000002384186057e-01
7.500000035762787176e-01
7.279999971389770064e-01
7.209999954700470060e-01
7.300000011920928511e-01
7.129999995231628418e-01
7.290000009536743431e-01
7.189999997615814653e-01
7.330000007152557284e-01
7.420000028610229670e-01
7.410000026226043479e-01
7.270000016689300848e-01
7.529999995231628773e-01
7.510000002384186191e-01
7.399999999999999911e-01
7.339999973773956299e-01
7.370000028610229625e-01
7.320000004768371094e-01
7.429999995231628684e-01
7.390000009536743519e-01
7.340000009536743475e-01
7.460000026226043524e-01
7.460000038146972212e-01
7.339999985694884987e-01
7.279999947547912686e-01
7.429999971389770197e-01
7.159999990463257191e-01
7.280000007152557240e-01
7.510000002384186191e-01
7.290000009536743431e-01
7.639999997615813943e-01
7.360000002384186057e-01
7.420000004768371182e-01
7.399999999999999911e-01
7.379999995231628640e-01
7.540000021457672341e-01
7.689999997615813987e-01
7.380000042915344505e-01
7.529999971389770286e-01
7.229999983310699818e-01
7.499999988079071311e-01
7.460000002384186146e-01
7.370000016689300937e-01
7.399999976158142534e-01
7.390000033378600897e-01
7.230000001192092851e-01
7.480000007152557417e-01
7.530000019073486150e-01
7.449999994039535611e-01
7.499999976158142623e-01
7.430000013113021717e-01
7.450000017881392989e-01
7.459999978542327659e-01
7.270000016689300848e-01
7.480000019073486106e-01
7.250000005960464122e-01
7.620000004768371360e-01
7.440000027418136597e-01
7.610000002384186280e-01
7.420000028610229670e-01
7.669999992847442716e-01
7.499999988079071311e-01
7.310000014305114702e-01
7.339999973773956299e-01
7.539999973773956476e-01
7.270000004768371049e-01
7.589999997615813898e-01
7.780000019073486373e-01
7.610000061988830833e-01
7.930000007152557817e-01
7.540000009536743653e-01
7.410000026226043479e-01
7.600000035762787265e-01
7.599999964237212913e-01
7.469999980926513850e-01
7.579999983310699019e-01
7.610000002384186280e-01
7.370000016689300937e-01
7.540000057220459517e-01
7.770000028610229981e-01
7.689999985694885298e-01
7.669999992847442716e-01
7.299999988079071134e-01
7.430000019073486062e-01
7.509999990463256392e-01
7.680000054836273460e-01
7.630000019073486239e-01
7.750000035762787398e-01
7.690000045299529852e-01
7.480000019073486106e-01
7.660000002384186324e-01
7.500000059604644553e-01
7.719999980926514072e-01
7.580000019073486195e-01
7.660000050067901078e-01
7.470000004768371227e-01
7.560000026226043612e-01
7.519999969005585205e-01
7.689999985694885298e-01
7.610000026226043657e-01
7.660000026226043701e-01
7.460000014305114835e-01
7.680000066757202148e-01
7.639999973773956565e-01
7.660000026226043701e-01
7.710000002384185258e-01
7.790000021457672563e-01
7.589999985694885209e-01
7.600000023841857466e-01
7.860000002384185391e-01
7.810000002384185347e-01
7.770000052452087358e-01
7.410000002384186102e-01
7.950000000000000400e-01
7.680000019073486284e-01
7.510000014305114879e-01
7.610000002384186280e-01
7.639999997615813943e-01
7.750000059604644775e-01
7.879999959468841908e-01
7.910000014305115235e-01
7.850000011920928999e-01
7.830000013113022073e-01
7.639999997615813943e-01
7.600000023841857466e-01
7.780000042915343750e-01
7.790000009536742764e-01
7.610000014305114968e-01
7.719999992847442760e-01
7.790000021457672563e-01
7.670000034570694236e-01
7.700000023841857555e-01
7.910000038146972612e-01
7.950000011920929088e-01
7.800000023841857644e-01
7.869999992847442893e-01
7.600000011920928777e-01
7.600000035762787265e-01
7.800000000000000266e-01
7.790000033378601252e-01
7.569999992847442627e-01
7.910000050067901300e-01
7.650000035762787309e-01
7.729999983310699152e-01
7.779999983310699196e-01
7.870000028610228959e-01
7.710000014305115057e-01
7.909999990463256747e-01
7.860000026226043879e-01
7.790000009536742764e-01
7.819999992847442849e-01
7.810000026226043834e-01
7.960000038146972656e-01
7.850000011920928999e-01
7.900000059604644909e-01
7.940000033378601385e-01
7.910000002384185436e-01
7.849999976158141823e-01
7.870000004768371582e-01
7.910000014305115235e-01
7.940000057220458762e-01
7.979999971389770685e-01
7.650000035762787309e-01
7.870000028610228959e-01
8.040000021457671675e-01
7.830000019073486417e-01
7.940000021457671586e-01
7.839999997615814120e-01
7.909999990463256747e-01
7.909999954700469571e-01
7.990000045299530118e-01
7.820000052452087402e-01
7.780000042915343750e-01
7.890000009536742853e-01
8.029999983310699418e-01
7.870000004768371582e-01
8.070000004768371760e-01
7.900000000000000355e-01
7.910000026226043923e-01
7.919999992847442938e-01
7.970000028610229048e-01
7.800000047683716131e-01
7.880000007152557773e-01
7.910000014305115235e-01
7.760000050067901167e-01
8.130000007152556885e-01
8.030000030994415283e-01
7.770000016689300182e-01
8.150000011920929266e-01
7.670000004768371404e-01
7.709999990463256569e-01
8.139999997615814387e-01
7.990000033378601429e-01
8.249999999999999556e-01
7.939999985694885520e-01
8.080000030994415328e-01
8.150000023841857955e-01
7.929999995231628018e-01
8.009999978542328147e-01
8.050000035762786554e-01
8.050000059604645042e-01
7.990000009536742942e-01
8.120000028610229181e-01
7.900000000000000355e-01
7.960000002384185480e-01
7.979999959468841997e-01
7.979999971389770685e-01
8.249999976158142179e-01
8.020000004768371715e-01
7.880000019073486461e-01
8.120000016689300493e-01
7.969999969005584495e-01
8.050000035762786554e-01
8.180000030994415416e-01
8.089999985694885654e-01
7.780000019073486373e-01
7.860000038146972567e-01
8.070000016689300448e-01
7.770000052452087358e-01
7.959999990463256792e-01
8.050000035762786554e-01
8.100000035762786599e-01
8.100000035762786599e-01
8.020000004768371715e-01
8.110000002384185613e-01
8.080000030994415328e-01
8.349999999999999645e-01
7.930000030994415194e-01
8.280000007152557018e-01
8.159999966621398482e-01
8.070000016689300448e-01
7.950000023841857777e-01
8.150000059604645131e-01
8.030000007152557906e-01
8.180000019073486728e-01
8.280000019073486817e-01
8.030000007152557906e-01
8.120000004768371804e-01
8.150000035762786643e-01
7.890000033378601341e-01
8.030000019073486595e-01
8.150000059604645131e-01
8.029999995231628107e-01
8.290000045299530385e-01
8.170000004768371848e-01
8.100000023841857910e-01
8.000000059604644997e-01
8.309999990463257102e-01
8.360000002384185835e-01
7.969999980926513183e-01
8.090000009536743031e-01
8.299999952316283736e-01
7.939999997615814209e-01
8.219999992847442094e-01
8.010000014305114213e-01
8.430000042915344327e-01
8.340000009536743253e-01
7.999999988079070645e-01
8.170000004768371848e-01
8.320000052452087846e-01
8.299999988079070912e-01
7.960000038146972656e-01
8.210000026226044190e-01
8.180000019073486728e-01
8.190000009536743120e-01
7.920000004768371626e-01
8.160000073909760010e-01
8.209999966621398526e-01
8.029999959468842041e-01
8.089999997615814342e-01
8.189999985694885742e-01
8.020000004768371715e-01
8.270000052452087802e-01
8.160000002384185658e-01
8.220000016689300582e-01
8.329999995231628374e-01
8.320000004768371982e-01
8.140000009536743075e-01
8.159999978542328281e-01
8.339999973773956077e-01
8.389999985694884810e-01
8.290000033378600586e-01
8.120000040531158980e-01
8.160000014305114346e-01
8.230000042915344149e-01
8.310000002384185791e-01
8.190000033378601607e-01
8.200000023841857999e-01
8.190000033378601607e-01
8.139999961853027211e-01
8.390000009536743297e-01
8.120000016689300493e-01
8.240000045299530340e-01
8.250000011920929355e-01
8.450000023841858221e-01
8.129999971389770819e-01
8.330000007152557062e-01
8.420000016689300759e-01
8.249999964237213490e-01
8.210000038146972878e-01
8.050000011920929177e-01
8.220000052452087758e-01
8.320000040531158048e-01
8.239999961853027299e-01
8.110000026226044101e-01
8.379999983310699729e-01
8.129999995231628196e-01
8.229999995231628285e-01
8.120000016689300493e-01
8.250000047683715421e-01
8.159999990463256969e-01
8.319999992847442183e-01
8.260000026226044234e-01
8.449999988079071045e-01
8.270000028610229315e-01
8.540000021457672119e-01
8.430000019073485840e-01
8.270000016689300626e-01
8.160000026226044145e-01
8.359999978542327348e-01
8.320000028610229359e-01
8.340000033378600630e-01
8.360000026226043213e-01
8.220000028610229270e-01
8.230000019073486772e-01
8.360000014305114524e-01
8.150000059604645131e-01
8.149999988079070778e-01
8.280000007152557018e-01
8.340000021457671942e-01
8.339999997615814564e-01
8.340000045299530429e-01
8.449999999999999734e-01
8.339999985694884765e-01
8.499999964237212602e-01
8.280000019073486817e-01
8.190000009536743120e-01
8.390000021457671986e-01
8.309999978542328414e-01
8.370000040531158092e-01
8.230000030994415461e-01
8.489999997615814697e-01
8.270000040531158003e-01
8.360000038146973012e-01
8.380000042915344283e-01
8.289999997615814520e-01
8.269999992847442138e-01
8.439999973773956166e-01
8.139999985694885698e-01
8.220000028610229270e-01
8.369999980926513539e-01
8.469999980926513627e-01
8.269999980926513450e-01
8.239999985694885787e-01
8.140000069141387629e-01
8.420000028610229448e-01
8.170000076293945090e-01
8.370000040531158092e-01
8.440000045299530518e-01
8.530000019073485928e-01
8.290000021457671897e-01
8.539999997615814742e-01
8.240000033378600541e-01
8.249999999999999556e-01
8.330000007152557062e-01
8.539999973773956254e-01
8.260000002384185747e-01
8.259999978542328369e-01
8.390000033378600675e-01
8.360000002384185835e-01
8.329999971389770996e-01
8.470000004768372115e-01
8.440000033378600719e-01
8.319999969005584806e-01
8.300000035762786776e-01
8.340000009536743253e-01
8.339999997615814564e-01
8.489999997615814697e-01
8.319999980926513494e-01
8.609999966621398881e-01
8.460000014305114613e-01
8.660000038146972168e-01
8.500000011920928467e-01
8.370000028610229403e-01
8.530000019073485928e-01
8.309999978542328414e-01
8.319999992847442183e-01
8.320000040531158048e-01
8.460000026226043301e-01
8.480000007152557195e-01
8.479999971389770019e-01
8.370000004768372026e-01
8.419999992847442272e-01
8.320000040531158048e-01
8.460000026226043301e-01
8.260000014305114435e-01
8.370000028610229403e-01
8.320000004768371982e-01
8.539999973773956254e-01
8.460000014305114613e-01
8.589999997615813676e-01
8.609999978542327570e-01
8.480000030994415683e-01
8.690000009536743564e-01
8.239999938011169922e-01
8.490000033378600763e-01
8.330000019073486861e-01
8.699999988079071267e-01
8.329999995231628374e-01
8.130000007152556885e-01
8.559999954700470148e-01
8.490000033378600763e-01
8.529999935626983998e-01
8.240000009536743164e-01
8.560000002384186013e-01
8.519999992847442360e-01
8.360000026226043213e-01
8.660000002384186102e-01
8.249999988079070867e-01
8.519999957084656295e-01
8.640000021457672208e-01
8.390000021457671986e-01
8.619999969005585072e-01
8.639999973773956343e-01
8.419999980926513583e-01
8.459999990463257236e-01
8.629999983310699951e-01
8.289999985694884721e-01
8.669999969005585116e-01
8.499999976158142401e-01
8.569999992847442405e-01
8.610000026226043435e-01
8.689999973773956388e-01
8.470000004768372115e-01
8.309999966621398615e-01
8.319999957084656117e-01
8.619999992847442449e-01
8.290000009536743208e-01
8.379999995231628418e-01
8.359999978542327348e-01
8.729999947547912864e-01
8.569999992847442405e-01
8.439999973773956166e-01
8.609999978542327570e-01
8.519999980926513672e-01
8.450000011920928422e-01
8.559999990463257324e-01
8.380000019073485795e-01
8.469999969005584939e-01
8.500000023841858265e-01
8.580000019073485973e-01
8.559999966621398837e-01
8.549999976158142445e-01
8.470000004768372115e-01
8.529999959468841375e-01
8.539999997615814742e-01
8.380000030994415594e-01
8.410000014305114568e-01
8.459999966621398748e-01
8.529999983310699863e-01
8.549999988079071134e-01
8.569999957084655229e-01
8.510000038146973145e-01
8.600000035762787043e-01
8.689999973773956388e-01
8.560000014305114702e-01
8.529999983310699863e-01
8.509999930858611616e-01
8.700000011920928644e-01
8.499999964237212602e-01
8.669999933242797940e-01
8.500000011920928467e-01
8.739999997615813809e-01
8.439999961853027477e-01
8.449999988079071045e-01
8.470000004768372115e-01
8.579999983310699907e-01
8.500000047683715643e-01
8.629999959468841464e-01
8.540000021457672119e-01
8.499999999999999778e-01
8.589999973773956299e-01
8.429999995231628462e-01
8.390000021457671986e-01
8.470000028610229492e-01
8.430000007152557151e-01
8.500000011920928467e-01
8.759999978542327703e-01
8.799999940395355491e-01
8.650000011920928600e-01
8.650000023841858399e-01
8.529999983310699863e-01
8.490000033378600763e-01
8.529999971389770064e-01
8.670000016689300981e-01
8.619999980926513761e-01
8.649999988079071223e-01
8.580000007152557284e-01
8.639999997615813720e-01
8.729999959468841553e-01
8.550000035762786998e-01
8.670000004768371182e-01
8.499999988079071089e-01
8.669999992847442494e-01
8.649999976158142534e-01
